#1_sid 2_doi 3_composition 4_T 5_Sexp 6_sigmaexp 7_kappaexp 8_nexp 9_sigma_t_exp 10_tauel 11_kappael_t_exp 12_kappaph_exp-WF
00117 10.1002/aenm.201400486 Pb0.9975La0.0025Te1 300.0 -7.14844219169e-05 313264.841587 3.96758063248 19.55395534758195 3.580596209548411e+19 1.074695668070101e+19 2.914916761035703e-14 96419971021537.47 1.1570187361874362
00117 10.1002/aenm.201400486 Pb0.99825La0.00175Te1 300.0 -7.60379673644e-05 313417.325948 3.6647267128 19.425134579065965 2.661549692380009e+19 8.614155364814957e+18 3.638398806088084e-14 80345000454729.58 0.7414551755036531
00117 10.1002/aenm.201400486 Pb0.9985La0.0015Te1 300.0 -9.19730584942e-05 251590.175683 3.30868549005 19.01691056038679 1.039706024308548e+19 4.223208972293938e+18 5.957322437358403e-14 45842203038856.375 0.5777176426368134
00117 10.1002/aenm.201400486 Pb0.9995La0.0005Te1 300.0 -0.000170606640199 76850.1329127 2.16224910406 17.8254100065357 6.689751822442723e+17 4.423828663372318e+17 1.737186016018002e-13 10022506074693.209 0.4211533642187477
00344 10.1063/1.3603962 Pb1.02Cr0.009Te1I0.06 300.0 -0.000105857117636 177486.63547 0.0 18.712390805646113 5.156924885737197e+18 2.4427746806187643e+18 7.265780052421453e-14 30621085971723.914 -2.22486075636834
00344 10.1063/1.3603962 Pb1.045Cr0.009Te1I0.11 300.0 -8.31493676712e-05 342117.302598 0.0 19.23491700212756 1.7175801096327285e+19 6.195275671673271e+18 5.522228884216836e-14 61670019500121.914 -3.4055596297378874
00344 10.1063/1.3603962 Pb1.09Cr0.009Te1I0.2 300.0 -8.31493676712e-05 486546.838403 0.0 19.23491700212756 1.7175801096327285e+19 6.195275671673271e+18 7.85351393849419e-14 61670019500121.914 -4.8432635773141595
00344 10.1063/1.3603962 Pb1Cr0.009Te1I0.02 300.0 -0.000116202557527 250928.043168 0.0 18.51445209747844 3.2692798480909286e+18 1.6956488308368612e+18 1.4798349670324036e-13 23700768793399.39 -3.507322640602281
00588 10.1021/cm9016672 Pb0.92Te0.92Si0.08I0.00023 300.0 -0.000150218510434 126927.823389 0.0 18.020491002080764 1.0483130739081024e+18 6.55597157207677e+17 1.9360642735183854e-13 12732868784492.621 -2.4651652353053635
00588 10.1021/cm9016672 Pb0.92Te0.92Si0.08I0.00046 300.0 -0.000152748047085 158058.067815 0.0 17.992503888587052 9.828876735428191e+17 6.200468362577083e+17 2.549131107078285e-13 12300746192836.455 -3.135621476043419
00588 10.1021/cm9016672 Pb0.92Te0.92Si0.08I0.00086 300.0 -0.000108591961627 208333.555357 0.0 18.65772879303891 4.5470401922086707e+18 2.2102524999267282e+18 9.425780781331836e-14 28516610031627.016 -2.6879131478484455
00588 10.1021/cm9016672 Pb0.92Te0.92Si0.08I0.0015 300.0 -8.71009410179e-05 274902.642371 0.0 19.13486188069825 1.3641492252441932e+19 5.200286743243573e+18 5.2862977744095525e-14 53776261681896.57 -2.8427733244507554
00588 10.1021/cm9016672 Pb0.92Te0.92Si0.08 300.0 -0.000210799642111 35322.6277498 0.0 17.616586084743332 4.13605290007374e+17 2.8659477482122224e+17 1.2324937805245837e-13 7781374774895.454 -0.959049601398953
00860 10.1039/c1ee01314a Pb1Te0.9988I0.0012 300.0 -8.16535087856e-05 384553.520677 3.29599804892 19.273835276638053 1.8786041467217727e+19 6.629647913858005e+18 5.800511967960844e-14 65070535364597.51 -0.47842614251967186
00860 10.1039/c1ee01314a Pb1Te0.998I0.002 300.0 -6.52103266194e-05 510907.124705 4.09044797668 19.740673762377412 5.5039409060213015e+19 1.4776516438056442e+19 3.457561373458599e-14 126212529771357.9 -0.27342770115940596
00860 10.1039/c1ee01314a Pb1Te0.9993I0.0007 300.0 -0.000116611071216 230016.824047 2.7214758389 18.507122144801812 3.214564503923518e+18 1.672617812458209e+18 1.375190568543267e-13 23478998603815.977 -0.5073339049808263
00860 10.1039/c1ee01314a Pb1Te0.9996I0.0004 300.0 -0.000150749117612 159622.678805 2.28595544099 18.014527262197355 1.0340160077792255e+18 6.478668044275309e+17 2.463819379448621e-13 12639463745116.812 -0.8281801311157047
01680 10.1016/j.jallcom.2011.01.033 Pb1Se0.15Te0.85 300.0 -0.000112800980827 28806.3389141 1.21432664756 18.57690267935568 3.7748759060559457e+18 1.9042977752420242e+18 1.5127013899094062e-14 25683460188082.293 0.8258125883180503
01680 10.1016/j.jallcom.2011.01.033 Pb1Te1 300.0 -0.000226583551522 35136.5794305 1.42379530806 17.58490235805065 3.8450532441864083e+17 2.6799125703433536e+17 1.3111091689830113e-13 7490112175781.362 0.4417598330221765
01711 10.1016/j.jallcom.2012.08.041 Bi0.00088Pb0.99912Te0.88S0.12 300.0 -0.0001234145363 121936.890451 1.1724245532 18.390305322471495 2.456435258843826e+18 1.3429016366706028e+18 9.080105878291488e-14 20227951245188.043 -0.6642948368722557
01711 10.1016/j.jallcom.2012.08.041 Bi0.0026Pb0.9974Te0.88S0.12 300.0 -6.83114314622e-05 141947.621862 1.39460423821 19.647033177183822 4.436425339491934e+19 1.2599246709247533e+19 1.1266357833743662e-14 110188523211614.55 0.15318090653618088
01711 10.1016/j.jallcom.2012.08.041 Bi0.0044Pb0.9956Te0.88S0.12 300.0 -4.4086690341e-05 179118.20416 1.622932496 20.451576467656718 2.8286321137561416e+20 4.919640181256862e+19 3.640880177424666e-15 373132795860826.4 0.26440069600327276
01711 10.1016/j.jallcom.2012.08.041 Pb1Te0.88S0.12 300.0 -0.000196719207052 50614.9466617 0.98364039542 17.6666109274706 4.640993150639505e+17 3.184134575559869e+17 1.5895982239632675e-13 8265545912015.137 -0.33024931476261077
02054 10.1063/1.3694742 In0.005Pb0.995Te0.994I0.006 300.0 -0.000134192016459 109440.549838 0.0 18.22487740461758 1.678330181629729e+18 9.78652324213136e+17 1.1182781374988639e-13 16418516076100.979 -1.8360467578077357
02054 10.1063/1.3694742 In0.005Pb0.995Te0.996I0.004 300.0 -0.000165349679505 71733.5264953 0.0 17.86924807997736 7.400278769610586e+17 4.837457860509083e+17 1.4828765141480928e-13 10573601256558.338 -1.5679344973317122
02054 10.1063/1.3694742 In0.005Pb0.995Te0.998I0.002 300.0 -0.00019077235411 52309.2198781 0.0 17.694752510036974 4.951679306727384e+17 3.377188354093341e+17 1.5488985035347022e-13 8551655159028.337 -1.3245645878563808
02054 10.1063/1.3694742 In0.005Pb0.995Te0.999I0.001 300.0 -0.000216905564218 37803.4363137 0.0 17.60150924241374 3.9949306300711066e+17 2.7759818013666973e+17 1.3618041838418485e-13 7641330524208.489 -1.0405995877985545
02054 10.1063/1.3694742 In0.015Pb0.985Te0.994I0.006 300.0 -0.000179442703559 42306.0942279 0.0 17.761116997887694 5.769218638200122e+17 3.876142830836437e+17 1.0914482792361581e-13 9268173437066.514 -1.0115731949548517
02054 10.1063/1.3694742 In0.015Pb0.985Te0.996I0.004 300.0 -0.000180657447834 33674.8765201 0.0 17.75316177877985 5.6645025779143066e+17 3.812926297117738e+17 8.831766967422229e-14 9179063151308.08 -0.8106734673160529
02054 10.1063/1.3694742 In0.015Pb0.985Te0.998I0.002 300.0 -0.000184320693432 28058.9070859 0.0 17.730415848039 5.375462642759618e+17 3.637401188374634e+17 7.713998438109618e-14 8929192150306.18 -0.6887977430104253
02054 10.1063/1.3694742 In0.015Pb0.985Te0.999I0.001 300.0 -0.00018994003126 25822.9436076 0.0 17.699046959443592 5.000886056918053e+17 3.4075833559084704e+17 7.57808127065333e-14 8596218451283.682 -0.6514284204411744
02054 10.1063/1.3694742 In0.01Pb0.99Te0.994I0.006 300.0 -0.00015439709738 83676.1533866 0.0 17.974857995587143 9.437522403234726e+17 5.985611652817228e+17 1.3979549332642793e-13 12036265373913.957 -1.682615655754104
02054 10.1063/1.3694742 In0.01Pb0.99Te0.996I0.004 300.0 -0.000174552011564 60573.4373838 0.0 17.79528287110036 6.24141228008021e+17 4.158834924543023e+17 1.4565001612911067e-13 9661318228081.816 -1.4071711557485875
02054 10.1063/1.3694742 In0.01Pb0.99Te0.998I0.002 300.0 -0.000194092619129 41038.4735345 0.0 17.678497795127722 4.769773925436696e+17 3.2643988222726214e+17 1.2571525652594643e-13 8385156634302.712 -1.054142117291607
02054 10.1063/1.3694742 In0.01Pb0.99Te0.999I0.001 300.0 -0.000198355364123 29476.1390541 0.0 17.6596297581139 4.5669868184032685e+17 3.1378503005630803e+17 9.393736549130649e-14 8196130790518.246 -0.7699229336834632
02098 10.1063/1.4796148 Pb1Te1Bi0.03 300.0 -3.39253623003e-05 153285.313182 0.0 20.841114262642513 6.936082699718669e+20 9.565205238572043e+19 1.6025303102109228e-15 706453912040924.5 -1.1321138068126628
02098 10.1063/1.4796148 Pb1Te1Bi0.04 300.0 -3.03505873749e-05 145145.496856 0.0 20.985842720780308 9.67927259098416e+20 1.2284721866211503e+20 1.1815122754648214e-15 903493921199554.1 -1.0674891587051192
02098 10.1063/1.4796148 Pb1Te1Bi0.06 300.0 -3.28859007051e-05 173375.362333 0.0 20.882779426540427 7.634479381628288e+20 1.0277424491551162e+20 1.6869534042845847e-15 757916525851134.2 -1.2785698634481164
02098 10.1063/1.4796148 Pb1Te1 300.0 -4.1540836881e-05 200382.561957 0.0 20.546180210938935 3.5170635116303476e+20 5.7767117475214e+19 3.4687997378954847e-15 434359800579832.25 -1.5067071624036572
02343 10.1007/s11664-011-1715-9 Pb0.95Ce0.05Te1 300.0 -0.000144045516773 37882.2313382 1.00153478722 18.0935737136302 1.240434148504467e+18 7.575543982379182e+17 5.0005955250625675e-14 13938589494284.21 0.3045223047119826
02343 10.1007/s11664-011-1715-9 Pb0.97Ce0.03Te1 300.0 -0.000152989535339 47640.9433649 1.59653166803 17.989890429539756 9.769906996891656e+17 6.168201614733873e+17 7.723635889446436e-14 12261191583859.139 0.6495218743852695
02343 10.1007/s11664-011-1715-9 Pb0.985Ce0.015Te1 300.0 -0.000148508691797 48190.1050528 1.45060635163 18.040047696839654 1.0965986246055781e+18 6.815522211196303e+17 7.070640159258078e-14 13044314763695.727 0.5282897934480996
02343 10.1007/s11664-011-1715-9 Pb1Te1 300.0 -0.000225556138607 36264.833532 1.43681783469 17.58626733301804 3.857157146216157e+17 2.687691311729494e+17 1.3492931042242368e-13 7502422806430.548 0.42452109892086165
02488 10.1007/s11664-013-2645-5 Pb1Te0.9Se0.1 300.0 -5.48818552398e-05 77381.2505892 2.13229143955 20.072055255854913 1.1804708189436602e+20 2.58973467998607e+19 2.9879991640539887e-15 206661765602602.38 1.5147862566875028
02488 10.1007/s11664-013-2645-5 Pb1Te1 300.0 -5.23444863968e-05 513404.406175 2.84914579031 20.15815923569632 1.4393262158608019e+20 2.9951370180148118e+19 1.7141266095241492e-14 235708580267422.12 -1.1911977049854703
03480 10.1021/ja071875h Pb0.952Sn0.048Te0.96S0.04 300.0 -0.000123814362831 176826.227591 2.11861021683 18.383744459425422 2.419604922781412e+18 1.3263213532100495e+18 1.3332080280773104e-13 20060195402810.715 -0.55583113875268
03482 10.1021/ja910762q Pb1Cd0.01Te1.01I0.0006 300.0 -0.000121233342445 170825.28243 0.0 18.426686636495038 2.671078406874507e+18 1.43841573932759e+18 1.1875932510989833e-13 21185702919185.945 -2.5159997806613257
03482 10.1021/ja910762q Pb1Cd0.01Te1.01I0.0009 300.0 -9.08639499113e-05 232820.436048 2.69170422606 19.04324245918853 1.1046951802218912e+19 4.424817761597897e+18 5.26169547746354e-14 47497286908775.41 0.19254162886308235
03482 10.1021/ja910762q Pb1Cd0.01Te1.01I0.0011 300.0 -8.75266281756e-05 288392.511302 3.01110438041 19.124319583023542 1.3314338159294626e+19 5.104852103259742e+18 5.649380343807508e-14 53010242268069.04 0.016354173512968195
03482 10.1021/ja910762q Pb1Cd0.01Te1.01I0.0016 300.0 -7.16490484007e-05 311554.358453 3.10714884826 19.549200863265803 3.5416110440700723e+19 1.065983354373179e+19 2.9226944039496814e-14 95768510097608.72 0.30812796289120437
03482 10.1021/ja910762q Pb1Cd0.01Te1.01I0.002 300.0 -5.0267422308e-05 354391.028668 4.09024121997 20.23004985513969 1.698438614723278e+20 3.381865540067498e+19 1.0479157863293606e-14 263359023081982.38 1.3304604423711224
03482 10.1021/ja910762q Pb1Cd0.01Te1.01I0.004 300.0 -3.89359082882e-05 391787.945647 4.490998893 20.645036654345606 4.416077173613498e+20 6.835791163464482e+19 5.731420639954658e-15 510159792742805.6 1.5670585271988937
03482 10.1021/ja910762q Pb1Cd0.01Te1.01Sb0.003 300.0 -0.000127569044407 145935.683067 0.0 18.32374656810577 2.107398022090193e+18 1.183323761104717e+18 1.2332692696947e-13 18593011298696.48 -2.293018946576871
03482 10.1021/ja910762q Pb1Cd0.01Te1.01Sb0.005 300.0 -0.000116491588937 194670.351217 2.51033851023 18.509262264763624 3.230444355934124e+18 1.679311659016665e+18 1.1592270569418355e-13 23543518884346.184 -0.21888990040551537
03482 10.1021/ja910762q Pb1Cd0.01Te1.01Sb0.01 300.0 -6.7282187722e-05 288891.628657 3.44432332605 19.677817514935654 4.762308385659274e+19 1.3277868793987068e+19 2.1757379376110845e-14 115199085681757.6 0.9378931150909011
03482 10.1021/ja910762q Pb1Cd0.01Te1.01Sb0.02 300.0 -5.4219525086e-05 388776.497577 3.80265986593 20.094349700014437 1.2426525060965061e+20 2.689122779770363e+19 1.4457372512020425e-14 213790592271066.9 0.7118096339017108
03482 10.1021/ja910762q Pb1Cd0.01Te1.01Sb0.04 300.0 -5.05199919955e-05 384129.352628 4.54444250638 20.22123996339307 1.6643319999250416e+20 3.331902631717062e+19 1.1528828873070726e-14 259788993963271.75 1.549379651870236
03482 10.1021/ja910762q Pb1Cd0.01Te1.01Sb0.06 300.0 -3.80207886582e-05 327714.855807 4.66184683586 20.680263090273673 4.7892012840693216e+20 7.2594906232531755e+19 4.51429546251197e-15 540538086885476.4 2.2216982029179926
03482 10.1021/ja910762q Pb1Cd0.03Te1.03I0.0011 300.0 -0.000102442935359 170127.02727 2.52250507512 18.783045135369072 6.067993897755543e+18 2.777604224087517e+18 6.124955664836994e-14 33591023796493.56 0.4650697602199254
03482 10.1021/ja910762q Pb1Cd0.05Te1.05I0.0002 300.0 -0.000261282147119 20515.9675632 0.0 17.583348425809927 3.831319992171302e+17 2.6710823353167514e+17 7.68076943639669e-14 7476122978378.333 -0.574223768750713
03482 10.1021/ja910762q Pb1Cd0.05Te1.05I0.0006 300.0 -0.000144768789208 77466.0859968 0.0 18.084653535377974 1.2152161578090227e+18 7.443648681566477e+17 1.0407004590186767e-13 13785170686619.414 -1.4346233461215632
03482 10.1021/ja910762q Pb1Cd0.05Te1.05I0.0011 300.0 -0.000112612947906 148394.855816 2.41314317896 18.58042912380821 3.805652448700852e+18 1.916770547689975e+18 7.7419207006723e-14 25800578890538.344 0.41568282094012443
03482 10.1021/ja910762q Pb1Cd0.05Te1.05I0.0016 300.0 -8.83523575523e-05 180644.968803 0.0 19.104000030377385 1.2705741940807743e+19 4.925611872821978e+18 3.667462509576602e-14 51566744307810.69 -1.8911910148981834
03482 10.1021/ja910762q Pb1Cd0.07Te1.07I0.0011 300.0 -0.000111273043868 122476.131315 1.8728085723 18.605785568545016 4.034461435916804e+18 2.0087407100453453e+18 6.097159812738361e-14 26659696939836.258 0.24732424428646516
03482 10.1021/ja910762q Pb1Cd0.1Te1.1I0.0011 300.0 -0.000135388993527 89914.5217612 1.91435637773 18.207935281708966 1.6141180040518346e+18 9.470839271502866e+17 9.493828285286912e-14 16073815187750.775 0.3883359649105733
04191 10.1088/0957-4484_24_34_345705 Al0.01Pb1Te1 300.0 -0.000107690530734 130443.719889 3.05406436545 18.67555759432548 4.737591319718377e+18 2.2836979069528374e+18 5.711951633000902e-14 29185475027267.992 1.3870041480308954
04191 10.1088/0957-4484_24_34_345705 Al0.02Pb1Te1 300.0 -9.50993682458e-05 171280.404498 3.02427594638 18.944312819083752 8.796558982915885e+18 3.7116633764359767e+18 4.614653515871025e-14 41592061813296.41 1.1049464035894674
04191 10.1088/0957-4484_24_34_345705 Al0.03Pb1Te1 300.0 -0.000104765524879 179955.008411 3.09576526171 18.73468713719534 5.428591185618354e+18 2.544084884142769e+18 7.073467144616754e-14 31526707614264.42 0.8657339568356175
04191 10.1088/0957-4484_24_34_345705 Al0.04Pb1Te1 300.0 -0.00011001672915 151845.989368 2.67970488661 18.629924178667252 4.2650505088690447e+18 2.1001342466562944e+18 7.230299187290523e-14 27506011742885.215 0.6909379431081348
04191 10.1088/0957-4484_24_34_345705 Pb1Te1 300.0 -0.000229559086729 38252.2472661 2.04606910385 17.581452536973057 3.814631027920624e+17 2.6603453610052774e+17 1.4378677229953873e-13 7459092209554.94 0.9735503107534604
04419 10.1016/j.physb.2005.03.022 Pb1Te1In0.0005 300.0 -0.000191622239818 106292.190735 0.0 17.690459035423448 4.902967736502928e+17 3.3470511850014835e+17 3.175696601572972e-13 8507343464854.236 -2.701674172975163
04419 10.1016/j.physb.2005.03.022 Pb1Te1In0.0025 300.0 -0.000176028838576 86729.299751 0.0 17.784600383073393 6.0897628862056e+17 4.06845970201125e+17 2.131747789172527e-13 9536550134669.758 -2.032951966591522
04419 10.1016/j.physb.2005.03.022 Pb1Te1In0.005 300.0 -0.000177969377061 31570.7171188 0.0 17.771046420592103 5.902641685807878e+17 3.956408754167175e+17 7.979639890733596e-14 9380671389407.422 -0.7485437962077881
04597 10.1039/c3cp52716f Pb0.998Yb0.002Te0.993I0.007 300.0 -8.96281306422e-05 415333.314715 3.78863445148 19.072941576748743 1.1828824183467923e+19 4.663213898085517e+18 8.906589399330688e-14 49441524892596.766 -0.6149191634714661
04597 10.1039/c3cp52716f Pb0.998Yb0.002Te0.994I0.006 300.0 -0.000139085503427 95928.2680484 2.01671430051 18.157363685696822 1.436692040459187e+18 8.584022713689408e+17 1.1175211348802464e-13 15089755935918.549 0.33040218265263666
