#1_sid 2_doi 3_composition 4_T 5_Sexp 6_sigmaexp 7_kappaexp 8_nexp 9_sigma_t_exp 10_tauel 11_kappael_t_exp 12_kappaph_exp-WF
00117 10.1002/aenm.201400486 Pb0.9975La0.0025Te1 600.0 -0.000159472255793 89211.0352259 1.80970842018 19.189746462519484 1.5479126966213642e+19 5.002279797052057e+18 1.7834075430661408e-14 151627515937099.7 -0.8944281364060507
00117 10.1002/aenm.201400486 Pb0.99825La0.00175Te1 600.0 -0.000160554952746 93380.3969977 1.67258245093 19.179921134546106 1.5132864191159423e+19 4.91188978590574e+18 1.9011093706875773e-14 149957564882347.72 -1.1782748671032162
00117 10.1002/aenm.201400486 Pb0.9985La0.0015Te1 600.0 -0.000195796936014 60654.8241103 1.50129757566 18.906222680291915 8.057914970854195e+18 2.934646355686875e+18 2.066852927364166e-14 112379146571949.42 -0.8214141050092032
00117 10.1002/aenm.201400486 Pb0.9995La0.0005Te1 600.0 -0.000273554383124 17438.3183566 1.1625154171 18.300649039003563 1.998246398974101e+18 8.847691833325901e+17 1.970945494610975e-14 69341368586182.96 -0.20416516295096288
00344 10.1063/1.3603962 Pb1.02Cr0.009Te1I0.06 600.0 -0.000279313362848 54215.0986789 0.0 18.23757225890777 1.7281134840577037e+18 7.765354392079553e+17 6.981664447175509e-14 66858196494857.86 -4.667814934704233
00344 10.1063/1.3603962 Pb1.045Cr0.009Te1I0.11 600.0 -0.000129104463933 78652.6764322 0.0 19.5199587183001 3.310996474333158e+19 9.152230270452151e+18 8.593826215903797e-15 225873913070124.88 -1.9411211556308146
00344 10.1063/1.3603962 Pb1.09Cr0.009Te1I0.2 600.0 -0.000129104463933 125685.329325 0.0 19.5199587183001 3.310996474333158e+19 9.152230270452151e+18 1.3732754269827907e-14 225873913070124.88 -3.1018709441564947
00344 10.1063/1.3603962 Pb1Cr0.009Te1I0.02 600.0 -0.000286403130641 49100.061195 0.0 18.153847409838214 1.4251067917466301e+18 6.518447027601519e+17 7.532478362881858e-14 63978642937445.04 -4.81917743612849
00588 10.1021/cm9016672 Pb0.92Te0.92Si0.08I0.00023 600.0 -0.000266645282193 20648.3754401 0.0 18.37103752207813 2.3498358326723374e+18 1.0220625475721293e+18 2.0202653437550796e-14 72458027130744.1 -1.463844410891076
00588 10.1021/cm9016672 Pb0.92Te0.92Si0.08I0.00046 600.0 -0.000254826381583 29086.9792884 0.0 18.479800556876413 3.018565171988587e+18 1.2737999154305362e+18 2.2834810189611914e-14 78065390257903.14 -1.7826083689171972
00588 10.1021/cm9016672 Pb0.92Te0.92Si0.08I0.00086 600.0 -0.000222890052004 39464.1663932 0.0 18.72264981219631 5.280193184478015e+18 2.0596848309113098e+18 1.9160293750252574e-14 94779193975817.3 -1.8159971979888285
00588 10.1021/cm9016672 Pb0.92Te0.92Si0.08I0.0015 600.0 -0.000189850653562 53531.2475572 0.0 18.947807478292134 8.867628250499033e+18 3.1765059598549494e+18 1.6852242128217014e-14 117111723806677.25 -1.9735951256430018
00588 10.1021/cm9016672 Pb0.92Te0.92Si0.08 600.0 -0.000297758331291 11686.2309695 0.0 18.00418018562879 1.0096717046511781e+18 4.741180467217244e+17 2.46483571977572e-14 59901130457596.27 -1.4764644600682861
00860 10.1039/c1ee01314a Pb1Te0.9945I0.0055 600.0 -8.02832252215e-05 262723.785119 2.7902577038 20.37048519598906 2.346849263110667e+20 4.120549942250033e+19 6.375939833301456e-15 762560705634497.9 -2.0717834745654615
00860 10.1039/c1ee01314a Pb1Te0.996I0.004 600.0 -0.00010560539579 199484.402571 2.38708294375 19.869966249956867 7.41252634581206e+19 1.7106476539099865e+19 1.1661337863179673e-14 362142699731421.7 -1.835985432502135
00860 10.1039/c1ee01314a Pb1Te0.9972I0.0028 600.0 -0.000126125018061 168278.317594 2.01003901512 19.559125487892512 3.6234768240489837e+19 9.822220706464864e+18 1.7132410543701313e-14 237563681568883.7 -2.0599995077912445
00860 10.1039/c1ee01314a Pb1Te0.9988I0.0012 600.0 -0.000181300077335 82600.9464945 1.42488642132 19.010058905143207 1.0234317951225436e+19 3.5739906297541407e+18 2.311168524249383e-14 124791956730859.23 -1.459266003438528
00860 10.1039/c1ee01314a Pb1Te0.998I0.002 600.0 -0.000148767491061 116853.556294 1.73750806171 19.293320418329152 1.9648093598280712e+19 6.05657491482745e+18 1.9293669761753307e-14 170891356032079.56 -1.5596133267111523
00860 10.1039/c1ee01314a Pb1Te0.9993I0.0007 600.0 -0.000219526748126 50718.721673 1.23863864846 18.74566413727418 5.567550145130542e+18 2.1540525596516557e+18 2.354572150328682e-14 96720313666821.08 -1.038710920849515
00860 10.1039/c1ee01314a Pb1Te0.9996I0.0004 600.0 -0.000258676354268 29206.4117963 1.13610606364 18.44584055899006 2.791518812580295e+18 1.1895804152653778e+18 2.455185998483716e-14 76204902614613.42 -0.7348660355121399
00860 10.1039/c1ee01314a Pb1Te0.99I0.01 600.0 -6.1862381755e-05 324909.936893 3.57456646948 20.832196583190573 6.795111434103437e+20 9.244468707886565e+19 3.514641534951765e-15 1594018790005281.8 -2.0278381773661187
01680 10.1016/j.jallcom.2011.01.033 Pb1Se0.15Te0.85 600.0 -0.000172088852512 31068.9163446 0.741837673076 19.081590143480618 1.206674523231513e+19 4.0887192887925934e+18 7.598691460614972e-15 134584480235296.05 -0.2808282676192485
01680 10.1016/j.jallcom.2011.01.033 Pb1Te1 600.0 -0.000310175177306 11858.4910808 1.06686164712 17.8156839165448 6.541598972742693e+17 3.141778777688705e+17 3.7744513283407785e-14 56498813179097.23 -1.06565855741521
01711 10.1016/j.jallcom.2012.08.041 Bi0.00088Pb0.99912Te0.88S0.12 600.0 -0.000231076343692 25402.7627114 0.684107543709 18.665306395781485 4.627073473989621e+18 1.8411536843906655e+18 1.3797198423339172e-14 90235693401865.81 -0.5608922230241399
01711 10.1016/j.jallcom.2012.08.041 Bi0.0026Pb0.9974Te0.88S0.12 600.0 -0.000163058671399 45171.9811263 0.89537372877 19.15761703672897 1.4375303969555614e+19 4.712424492006987e+18 9.585719877935187e-15 146260661381054.3 -0.5066400003903196
01711 10.1016/j.jallcom.2012.08.041 Bi0.0044Pb0.9956Te0.88S0.12 600.0 -0.000141149778188 60065.4118399 1.14508590862 19.374997593029057 2.3713605629393224e+19 7.034126469312658e+18 8.539143005452574e-15 188465152790742.06 -0.4642449826046158
01711 10.1016/j.jallcom.2012.08.041 Pb1Te0.88S0.12 600.0 -0.000301435641485 10488.3319717 0.69764328329 17.951213560047986 8.937448659573915e+17 4.2286323766500883e+17 2.4803130273549172e-14 58759543844599.43 -0.759777337501924
02054 10.1063/1.3694742 In0.005Pb0.995Te0.994I0.006 600.0 -0.00016133224845 47333.8459778 1.46781257258 19.17293518411408 1.4891388159542004e+19 4.848567667384015e+18 9.762438976816095e-15 148785736546871.66 0.015300898920529216
02054 10.1063/1.3694742 In0.005Pb0.995Te0.996I0.004 600.0 -0.000207212849466 30308.9172426 1.45806549512 18.828679468787158 6.740303756910265e+18 2.5293012818794737e+18 1.1983118602651418e-14 104329264602857.12 0.2078755436565607
02054 10.1063/1.3694742 In0.005Pb0.995Te0.998I0.002 600.0 -0.000236746483118 19351.9213997 1.2903127853 18.624056359355784 4.207812305527036e+18 1.6976106927736858e+18 1.1399504893599225e-14 87211156381098.02 0.2961487813572259
02054 10.1063/1.3694742 In0.005Pb0.995Te0.999I0.001 600.0 -0.000265703001849 12707.8975338 1.34049877808 18.380222494999895 2.4000621887749714e+18 1.041375678887754e+18 1.2202990516710288e-14 72893176476909.58 0.4509840367993829
02054 10.1063/1.3694742 In0.015Pb0.985Te0.994I0.006 600.0 -0.000219866879504 23716.6975863 1.3783899002 18.74334746253641 5.537930007889433e+18 2.144372665497773e+18 1.1059970110556622e-14 96521748128160.8 0.310862250883867
02054 10.1063/1.3694742 In0.015Pb0.985Te0.996I0.004 600.0 -0.000229740079151 19499.2959778 1.27156715251 18.674824773614805 4.729603933973384e+18 1.875853740114725e+18 1.0394891435729656e-14 90961901427386.78 0.326028062384772
02054 10.1063/1.3694742 In0.015Pb0.985Te0.998I0.002 600.0 -0.000235067077638 15392.4560556 1.36789683549 18.636430541427707 4.3294281980539494e+18 1.7395298536310484e+18 8.848630003946293e-15 88097913062720.1 0.588350998678163
02054 10.1063/1.3694742 In0.015Pb0.985Te0.999I0.001 600.0 -0.00023139671182 12791.8536611 1.37685142403 18.663013773797942 4.6027117100739026e+18 1.8328861498339935e+18 6.9790770486527884e-15 90062392655882.23 0.7482990464985769
02054 10.1063/1.3694742 In0.01Pb0.99Te0.994I0.006 600.0 -0.000198658112188 34226.3270608 1.4033471893 18.88657326360432 7.701463537642705e+18 2.8265066888331474e+18 1.21090557457444e-14 110246877437885.58 0.06836160461039298
02054 10.1063/1.3694742 In0.01Pb0.99Te0.996I0.004 600.0 -0.000216768760221 25676.9163681 1.33102662409 18.764376251082613 5.812677808652479e+18 2.233756796256347e+18 1.149494717201671e-14 98350696314524.89 0.2004905656234779
02054 10.1063/1.3694742 In0.01Pb0.99Te0.998I0.002 600.0 -0.000254093435851 17813.3796834 1.36896078413 18.486118278848082 3.0627974641578865e+18 1.2900693899478705e+18 1.38080787143704e-14 78423048613460.3 0.28608915585444383
02054 10.1063/1.3694742 In0.01Pb0.99Te0.999I0.001 600.0 -0.000220578335602 15081.0117657 1.33419099604 18.738494366646307 5.476389973391104e+18 2.1242269687862072e+18 7.099529375769745e-15 96108099182610.47 0.6518687226436648
02098 10.1063/1.4796148 Pb1Te1Bi0.03 600.0 -0.000108249366226 66713.828279 1.89745114822 19.82557307574409 6.69226416696851e+19 1.5812179455135744e+19 4.219141862656483e-15 340244787101094.7 0.46191012341112914
02098 10.1063/1.4796148 Pb1Te1Bi0.04 600.0 -0.000104330537448 70487.1431658 1.69369010402 19.891865006409226 7.795877503003841e+19 1.7782410519490193e+19 3.963868851669093e-15 373550513339767.06 0.21298485966749747
02098 10.1063/1.4796148 Pb1Te1Bi0.06 600.0 -0.000114301622333 78786.636704 1.77131035149 19.728985401966128 5.357786479676802e+19 1.331656924270651e+19 5.916436528661575e-15 297780989934907.7 0.00950802509810722
02098 10.1063/1.4796148 Pb1Te1 600.0 -0.000143635259599 78009.6782483 1.76999982642 19.347555532747734 2.226155682621854e+19 6.689990970407322e+18 1.1660655237558619e-14 182305409179539.16 -0.3558006979646604
02343 10.1007/s11664-011-1715-9 Pb0.95Ce0.05Te1 600.0 -0.000232987703621 18407.9313333 0.702315101517 18.651564429215384 4.4829555139019146e+18 1.79211643001287e+18 1.0271615741599895e-14 89206212535622.06 -0.21397683541240142
02343 10.1007/s11664-011-1715-9 Pb0.97Ce0.03Te1 600.0 -0.000237863979274 24222.1968037 1.30757289769 18.61574267892491 4.128028423167156e+18 1.6699805328599895e+18 1.4504478541565598e-14 86625039698394.88 0.05112186822236353
02343 10.1007/s11664-011-1715-9 Pb0.985Ce0.015Te1 600.0 -0.000236604778811 18149.9633025 1.12892194605 18.62510593692707 4.2179937989277435e+18 1.7011292030104028e+18 1.0669362015760428e-14 87285700699707.23 0.19763920648551014
02343 10.1007/s11664-011-1715-9 Pb1Te1 600.0 -0.000309470517835 11920.5813143 1.06442427944 17.827135989982892 6.716391293605522e+17 3.2224443459906675e+17 3.699235746035914e-14 56654361719829.36 -1.0313541209884145
02467 10.1007/s11664-012-2469-8 Pb1.024Te1I0.0488 600.0 -0.000141685243445 50581.345491 0.0 19.369018315199845 2.3389358748992377e+19 6.957731455857121e+18 7.269804218790289e-15 187100077260897.5 -1.3601809310072617
02467 10.1007/s11664-012-2469-8 Pb1Te1I0.0001 600.0 -0.000276458699395 9920.47570619 0.0 18.26936521379794 1.8593674065333414e+18 8.294453903977549e+17 1.1960372341610945e-14 68074645884477.164 -0.81419811180166
02467 10.1007/s11664-012-2469-8 Pb1Te1I0.00033 600.0 -0.000242024887339 14027.0164784 1.32278641231 18.58417840809991 3.838649047449833e+18 1.5688660545975606e+18 8.940863012042258e-15 84468701947100.0 0.5675633193959516
02467 10.1007/s11664-012-2469-8 Pb1Te1I0.00053 600.0 -0.000220269356172 21497.871928 1.53121511811 18.74060326577713 5.5030475545093e+18 2.1329592892709852e+18 1.0078894630636697e-14 96287464778462.19 0.5607439063567373
02467 10.1007/s11664-012-2469-8 Pb1Te1I0.00106 600.0 -0.000164478425227 45306.7940559 1.81888572334 19.145219033542894 1.3970727878034858e+19 4.6049009574715756e+18 9.838820524986211e-15 144260775479506.5 0.39952984460180385
02488 10.1007/s11664-013-2645-5 Pb1Te0.9Se0.1 600.0 -0.000155198372569 57156.5014108 1.21020132321 19.229651178608236 1.6968801861867983e+19 5.385909888843465e+18 1.0612227569792004e-14 158680567932626.2 -0.47375297459486854
02488 10.1007/s11664-013-2645-5 Pb1Te1 600.0 -0.000151451160511 93685.0660388 1.62077620447 19.26619549325649 1.8458461211105894e+19 5.761661612471977e+18 1.626007779353176e-14 165539198177652.75 -1.0709040357775048
02525 10.1007/s11664-013-2819-1 Pb1Te1In0.06 600.0 -0.000231478748201 25963.7117959 1.31706496687 18.66242602657528 4.59648689853126e+18 1.8307722584278564e+18 1.4181835930917963e-14 90018064879733.69 0.04044353992688854
02525 10.1007/s11664-013-2819-1 Pb1Te1In0.14 600.0 -0.000225296600728 14129.5178147 1.28021384077 18.706013015866052 5.081746723979804e+18 1.9938995368472202e+18 7.086373989053519e-15 93418770782886.52 0.6182134934048
02525 10.1007/s11664-013-2819-1 Pb1Te1In0.18 600.0 -0.000216158420339 11732.2481019 1.19362194436 18.76850211150171 5.86816222660885e+18 2.2516997914948603e+18 5.210396228758003e-15 98716617040760.42 0.679269255215074
02525 10.1007/s11664-013-2819-1 Pb1Te1In0.1 600.0 -0.000233275680858 15610.0348501 1.14044385532 18.64948029938933 4.461493857451698e+18 1.7847871664651663e+18 8.746160406910714e-15 89052013191690.38 0.361580663387147
02525 10.1007/s11664-013-2819-1 Pb1Te1 600.0 -0.000142939400152 88788.5744321 1.65589230661 19.355158784372627 2.265472445836325e+19 6.783692161938351e+18 1.3088532367413592e-14 183985299548309.34 -0.7522052416563321
02834 10.1039/c5tc01781e Pb1Te1Cl0.006 600.0 -0.000167096298651 69366.2904393 1.8358413611 19.122810342926552 1.326814909066563e+19 4.4164404784927017e+18 1.570637955545915e-14 140742917557422.56 -0.3747203217995745
02834 10.1039/c5tc01781e Pb1Te1Cl0.01 600.0 -9.64915864877e-05 125404.111775 2.54705786207 20.033840841532747 1.0810377044139798e+20 2.2842801617680036e+19 5.489874397803237e-15 458473950950929.94 0.030093456684792574
02834 10.1039/c5tc01781e Pb1Te1Na0.001Cl0.001 600.0 -0.000239106842771 41915.9190679 1.27638357125 18.60641770134016 4.0403380298732733e+18 1.639490760559148e+18 2.5566425914839914e-14 85976730891811.67 -0.9217341494956315
02834 10.1039/c5tc01781e Pb1Te1Na0.003Cl0.003 600.0 -0.000226876455311 55889.2359901 1.38534793 18.69499977094039 4.954499294899418e+18 1.9514411770339807e+18 2.8639979850710505e-14 92537463124361.62 -1.2649231493175832
03480 10.1021/ja071875h Pb0.952Sn0.048Te0.96S0.04 600.0 -0.000246386366441 30611.1440646 1.09294040437 18.549948291651653 3.5477114664720983e+18 1.4657041348741166e+18 2.0884940784607303e-14 82249413939162.69 -0.6248337353180673
03480 10.1021/ja071875h Pb0.954Sn0.046Te0.92S0.08 600.0 -0.000227796644407 45713.57604 1.10221009126 18.688548081483233 4.881441415270222e+18 1.9269641020230413e+18 2.3723107240040006e-14 92028193816347.28 -1.0809846197523933
03480 10.1021/ja071875h Pb0.958Sn0.042Te0.84S0.16 600.0 -0.000224192324685 45425.6763755 1.10525769857 18.713666692219014 5.172097368783e+18 2.0239149159846728e+18 2.2444459506045762e-14 94040236858386.5 -1.0054245895370078
03482 10.1021/ja910762q Pb1Cd0.01Te1.01I0.0006 600.0 -0.000242069404003 29075.7127138 0.0 18.58383520175927 3.8356167080583506e+18 1.5677988035899075e+18 1.854556378485756e-14 84445844157658.81 -1.5660957891920027
03482 10.1021/ja910762q Pb1Cd0.01Te1.01I0.0009 600.0 -0.000209632610559 43290.7581394 1.18497099162 18.812420164128437 6.492622674447784e+18 2.451280975464652e+18 1.766046347713935e-14 102760697899434.08 -0.6298305605183059
03482 10.1021/ja910762q Pb1Cd0.01Te1.01I0.0011 600.0 -0.000193438116929 57028.6835691 1.29243323549 18.922583970766055 8.367273612131772e+18 3.027654217662951e+18 1.883593021831948e-14 114204832666462.36 -0.8587210232103379
03482 10.1021/ja910762q Pb1Cd0.01Te1.01I0.0016 600.0 -0.000172213984249 66821.3971103 1.38061898086 19.080580983472704 1.203873856829923e+19 4.0809926775345756e+18 1.637380960719302e-14 134438613321641.42 -0.8206532775235997
03482 10.1021/ja910762q Pb1Cd0.01Te1.01I0.002 600.0 -0.000141787590592 83120.8974838 1.69473346287 19.367879696519278 2.3328117629129925e+19 6.943273965062106e+18 1.1971427010090117e-14 186841594846169.22 -0.5420270522797446
03482 10.1021/ja910762q Pb1Cd0.01Te1.01I0.004 600.0 -0.000129097301274 99037.8175399 1.974947162 19.520051220439857 3.311701771984827e+19 9.153759560468026e+18 1.081935972707986e-14 225900662741706.97 -0.469153370788274
03482 10.1021/ja910762q Pb1Cd0.01Te1.01Sb0.003 600.0 -0.00024597427375 26443.0182119 0.0 18.553236806662753 3.574677005374303e+18 1.475332206353832e+18 1.7923433175265555e-14 82457393695028.05 -1.4779195856993985
03482 10.1021/ja910762q Pb1Cd0.01Te1.01Sb0.005 600.0 -0.000229427693791 35359.8268729 1.14258519365 18.67703996896769 4.753789739832439e+18 1.884016918874714e+18 1.8768317056313762e-14 91132471959771.53 -0.5678179342166156
03482 10.1021/ja910762q Pb1Cd0.01Te1.01Sb0.01 600.0 -0.000174797979947 60550.0792123 1.49348478788 19.059986532665768 1.1481180181690196e+19 3.9263003765596636e+18 1.5421662482521448e-14 131511342465139.5 -0.5346387482406718
03482 10.1021/ja910762q Pb1Cd0.01Te1.01Sb0.02 600.0 -0.00014399068522 89976.21407 1.59108298975 19.343695578212728 2.2064575588068196e+19 6.642896131756074e+18 1.3544726921119939e-14 181460291853967.47 -0.8667471104387141
03482 10.1021/ja910762q Pb1Cd0.01Te1.01Sb0.04 600.0 -0.000136094546782 98716.0325577 2.11067914041 19.433334407967713 2.712279290688237e+19 7.822833409427134e+18 1.2618961364911511e-14 202487308649721.16 -0.4445003843257438
03482 10.1021/ja910762q Pb1Cd0.01Te1.01Sb0.06 600.0 -0.000113823852659 105171.519795 2.2451622953 19.73636243169546 5.449572462023247e+19 1.3492837053977979e+19 7.794618683547592e-15 300792444146686.1 -0.09940010971570512
03482 10.1021/ja910762q Pb1Cd0.03Te1.03I0.0011 600.0 -0.000214185109316 34454.6109172 1.17041838516 18.781812744790695 6.050799255521147e+18 2.3105142747734436e+18 1.4912096104915185e-14 99913270235793.25 -0.31949790275251067
03482 10.1021/ja910762q Pb1Cd0.05Te1.05I0.0002 600.0 -0.000358829767762 4387.87192953 0.0 16.75873675481562 5.737685701544325e+16 2.4130090293692972e+16 1.81842333622634e-13 72345076407703.08 -13.15539752008449
03482 10.1021/ja910762q Pb1Cd0.05Te1.05I0.0006 600.0 -0.00027108500366 15738.4712224 0.0 18.326439960496245 2.1205082209054333e+18 9.32944483005875e+17 1.6869676072998323e-14 70439524760313.08 -1.1882919654424264
03482 10.1021/ja910762q Pb1Cd0.05Te1.05I0.0011 600.0 -0.000219133940029 31795.8050917 1.16053644431 18.748336927987456 5.601920329387265e+18 2.1652714161595617e+18 1.468444318546203e-14 96950294741706.31 -0.26312465063838464
03482 10.1021/ja910762q Pb1Cd0.05Te1.05I0.0016 600.0 -0.000190946191829 41002.3467435 0.0 18.940057007858243 8.710779248828728e+18 3.130048656607836e+18 1.3099587655591254e-14 116206389871177.05 -1.5222557902572955
03482 10.1021/ja910762q Pb1Cd0.07Te1.07I0.0011 600.0 -0.000225072117519 25871.629795 0.949051999693 18.707571734402027 5.100018299484454e+18 1.9999782712814234e+18 1.293595543836762e-14 93544734073482.83 -0.26103851177552295
03482 10.1021/ja910762q Pb1Cd0.1Te1.1I0.0011 600.0 -0.000251577796482 17829.2850993 1.0080031039 18.507461781449724 3.2170794125397233e+18 1.3464809825742392e+18 1.3241393922410611e-14 79658870453530.92 -0.04679137918947873
04191 10.1088/0957-4484_24_34_345705 Al0.01Pb1Te1 600.0 -0.000201925347776 42728.718432 1.44449968147 18.86434445607003 7.317192087359e+18 2.7087015177795973e+18 1.5774613094700074e-14 107911721350633.06 -0.2577659712193219
04191 10.1088/0957-4484_24_34_345705 Al0.02Pb1Te1 600.0 -0.000183516196025 70435.1919141 1.52169064601 18.993592111406635 9.85353608577938e+18 3.464506156922523e+18 2.0330514285091266e-14 122687672911223.95 -0.9726128407162433
04191 10.1088/0957-4484_24_34_345705 Al0.03Pb1Te1 600.0 -0.000201698442104 59479.8769469 1.44962710888 18.86588230320167 7.343148368062503e+18 2.7167002919665444e+18 2.1894162238943245e-14 108070695166167.28 -0.9164902243634463
04191 10.1088/0957-4484_24_34_345705 Al0.04Pb1Te1 600.0 -0.000189125681223 61409.9819075 1.47273862913 18.95296123083332 8.973486852314423e+18 3.207757655981473e+18 1.9144208663328864e-14 117719785618144.31 -0.7809135105460949
04191 10.1088/0957-4484_24_34_345705 Pb1Te1 600.0 -0.000321152947855 10922.6744906 1.10659255673 17.624591586726062 4.213001237813491e+17 2.0436815599433603e+17 5.3446068627749997e-14 54830038523042.74 -1.8238574450347187
04419 10.1016/j.physb.2005.03.022 Pb1.001Te1I0.002 600.0 -0.00010896113027 193881.116782 0.0 19.81385471028603 6.5141043350104826e+19 1.5486753709296513e+19 1.2519158012154314e-14 334726781707554.0 -4.190497471096753
04419 10.1016/j.physb.2005.03.022 Pb1Te1I0.00018 600.0 -0.00026164978841 29740.044328 0.0 18.41867292455276 2.62224293843665e+18 1.1259805998574993e+18 2.641257258940679e-14 74789681375338.67 -1.9753878882647378
04419 10.1016/j.physb.2005.03.022 Pb1Te1I0.0006 600.0 -0.000190321408254 71096.8926467 0.0 18.944471655004865 8.799776765183523e+18 3.1564314031860244e+18 2.2524453588611664e-14 116720731682461.31 -2.629070703610395
04419 10.1016/j.physb.2005.03.022 Pb1Te1I0.00106 600.0 -0.000147037859774 125101.559192 0.0 19.311243654022427 2.0475930841193005e+19 6.25928347391637e+18 1.998656231393291e-14 174555659685219.7 -3.48876756954831
04419 10.1016/j.physb.2005.03.022 Pb1Te1In0.0005 600.0 -0.000295436687459 23339.2071324 0.0 18.03644713166349 1.0875447385713923e+18 5.081102176898364e+17 4.5933355244288464e-14 60671310378148.86 -2.786836852735997
04419 10.1016/j.physb.2005.03.022 Pb1Te1In0.0025 600.0 -0.000269241683764 24648.5643587 0.0 18.345226294784013 2.2142481718532472e+18 9.695627351942751e+17 2.542235119397516e-14 71270997353549.25 -1.8118763246668033
04419 10.1016/j.physb.2005.03.022 Pb1Te1In0.005 600.0 -0.000268807798452 14564.8956781 0.0 18.349591860865612 2.2366182325003592e+18 9.782617988115821e+17 1.4888545883927814e-14 71468100045222.03 -1.0640560867604316
04419 10.1016/j.physb.2005.03.022 Pb1Te1In0.015 600.0 -0.000222451519587 11909.1005867 0.0 18.725665072611456 5.316980562037285e+18 2.0718237299064963e+18 5.748124425255749e-15 95029563563004.31 -0.5462417554378988
04433 10.1016/j.physb.2006.10.001 Pb0.9Sn0.1Te1 600.0 -4.23055148968e-06 4266.04760888 0.0 22.948695622381624 8.885781348184146e+22 5.277800933257236e+21 8.083002111728331e-19 4.587398726996568e+16 -0.03707995359765311
04597 10.1039/c3cp52716f Pb0.998Yb0.002Te0.993I0.007 600.0 -0.000182331609868 53569.7391979 1.63602163605 19.002362268850927 1.005454145028301e+19 3.52241631021319e+18 1.52082361879189e-14 123801709842902.1 -0.24678400770905906
04597 10.1039/c3cp52716f Pb0.998Yb0.002Te0.994I0.006 600.0 -0.000302378391524 10738.4332059 1.15427311703 17.937258051027403 8.654820219827923e+17 4.10242587550872e+17 2.617581287698071e-14 58483526595418.46 -0.3765807315175982
05735 10.1021/am502140h Pb1.0005Te0.75S0.15Se0.1Cl0.001 600.0 -0.000237073065621 14367.1036617 0.747462547961 18.621633484522885 4.1844028047242173e+18 1.6895144784681344e+18 8.503687801910113e-15 87039547307562.31 0.007305411237904069
05735 10.1021/am502140h Pb1.00085Te0.75S0.15Se0.1Cl0.0017 600.0 -0.000154099057734 61100.1720231 1.1129084302 19.240216377241453 1.7386668637844652e+19 5.49207321899948e+18 1.1125156127148454e-14 160623103623133.3 -0.6740486752345025
05735 10.1021/am502140h Pb1.0016Te0.75S0.15Se0.1Cl0.0032 600.0 -0.000140315490939 64043.2187887 1.17424949196 19.384388459049987 2.423195529191792e+19 7.155731948411695e+18 8.949918645697061e-15 190635437429638.9 -0.5319221640221408
05735 10.1021/am502140h Pb1.0039Te0.75S0.15Se0.1Cl0.0078 600.0 -9.34910730003e-05 112879.933188 1.67346202567 20.09164375007666 1.2349340067133874e+20 2.5285821609003835e+19 4.464159200894047e-15 499236126178561.2 -0.5552075204287255
