#1_sid 2_doi 3_composition 4_T 5_Sexp 6_sigmaexp 7_kappaexp 8_nexp 9_sigma_t_exp 10_tauel 11_kappael_t_exp 12_kappaph_exp-WF
00117 10.1002/aenm.201400486 Pb0.9975La0.0025Te1 800.0 -0.000195476588567 48632.0051636 1.36173630993 19.20810439116626 1.6147466460960135e+19 4.824613260780952e+18 1.0079979997345534e-14 285679528024424.1 -1.5179076182073081
00117 10.1002/aenm.201400486 Pb0.99825La0.00175Te1 800.0 -0.000194720865888 47449.2087705 1.29665511525 19.212848302998626 1.6324816302098039e+19 4.866767439809682e+18 9.749635534743268e-15 286823970761979.5 -1.4997740623071594
00117 10.1002/aenm.201400486 Pb0.9985La0.0015Te1 800.0 -0.000214319473056 32103.0055918 1.2587837287 19.125234263757914 1.3342409439811635e+19 4.1435625496569667e+18 7.747682147203912e-15 267162265465633.6 -0.8111045858546415
00117 10.1002/aenm.201400486 Pb0.9995La0.0005Te1 800.0 -0.000229175178891 12546.4742072 1.27986914804 19.11067486532768 1.290252963741126e+19 4.0340822881734973e+18 3.110118562524574e-15 264183566945011.22 0.4582269325703672
00860 10.1039/c1ee01314a Pb1Te0.996I0.004 800.0 -0.000151638035716 99920.7250507 1.57981545882 19.645393769545386 4.419709954870556e+19 1.0707416007303733e+19 9.331917708487478e-15 441661842475549.4 -2.541736510140786
00860 10.1039/c1ee01314a Pb1Te0.9972I0.0028 800.0 -0.000171959560282 85424.7228909 1.36696363902 19.40341645886023 2.531724584420375e+19 6.895740238746312e+18 1.2388042462926466e-14 341476666805392.7 -2.863263809463797
00860 10.1039/c1ee01314a Pb1Te0.9988I0.0012 800.0 -0.000218922105128 37882.2272758 1.16276433625 19.11575937407617 1.3054473893645025e+19 4.0719887727733084e+18 9.303126651304483e-15 265214873436842.0 -1.3045632211426303
00860 10.1039/c1ee01314a Pb1Te0.998I0.002 800.0 -0.000199727788482 55643.4208779 1.27391230733 19.183409499264194 1.525490471367219e+19 4.610907474774747e+18 1.206778083973986e-14 279873771739814.12 -2.1035430328174556
00860 10.1039/c1ee01314a Pb1Te0.9996I0.0004 800.0 -0.000224950909114 17129.1990346 1.23234947405 19.11004728736612 1.2883898280432386e+19 4.029427609884059e+18 4.251025379530981e-15 264056933282926.78 0.10983674902315932
00860 10.1039/c1ee01314a Pb1Te0.99I0.01 800.0 -0.00010132400144 183665.109992 2.32995949637 20.482807718649255 3.0395389895505976e+20 4.847212741422486e+19 3.789087044240207e-15 1358852993376113.2 -2.8188527758584545
02488 10.1007/s11664-013-2645-5 Pb1Te0.9Se0.1 800.0 -0.000198734892291 32897.3016065 2.81167416605 19.18887242353099 1.5448005789416397e+19 4.657366172078734e+18 7.0634990660004e-15 281136423102159.5 0.825867304049203
02488 10.1007/s11664-013-2645-5 Pb1Te1 800.0 -0.000217859625273 25195.4529951 2.17935346113 19.117557751881957 1.3108643477116037e+19 4.0854797786365496e+18 6.167073235033487e-15 265581930335469.72 0.5414902468495966
05735 10.1021/am502140h Pb1.0005Te0.75S0.15Se0.1Cl0.001 800.0 -0.000252248305884 7981.04312389 0.822431141647 19.184801481503854 1.530387752762964e+19 4.622701962393492e+18 1.7264887913642744e-15 280194345743629.25 0.338678744316978
05735 10.1021/am502140h Pb1.00085Te0.75S0.15Se0.1Cl0.0017 800.0 -0.000208723772669 26520.608648 0.873563925034 19.142568937345175 1.388573706438588e+19 4.277722432575388e+18 6.199703011593802e-15 270812513769358.47 -0.8053932321591798
05735 10.1021/am502140h Pb1.0016Te0.75S0.15Se0.1Cl0.0032 800.0 -0.000207514576954 26863.5715101 0.936936326048 19.147138309782868 1.403260529850978e+19 4.3137915962412913e+18 6.22736887278163e-15 271793811343879.94 -0.7556239945295607
05735 10.1021/am502140h Pb1.0039Te0.75S0.15Se0.1Cl0.0078 800.0 -0.000152307457249 55583.5682659 1.16044891477 19.6364328530204 4.3294512420981e+19 1.0534795805404752e+19 5.276188479835889e-15 437187209509633.25 -1.1462332035763265
