#1_sid 2_doi 3_composition 4_T 5_Sexp 6_sigmaexp 7_kappaexp 8_nexp 9_sigma_t_exp 10_tauel 11_kappael_t_exp 12_kappaph_exp-WF
00117 10.1002/aenm.201400486 Pb0.9975La0.0025Te1 500.0 -0.000133642336409 120643.06067 2.20625761271 19.148079945528117 1.4063063751244145e+19 4.87472794557214e+18 2.4748675621904948e-14 106469029140024.48 -0.4287098532556115
00117 10.1002/aenm.201400486 Pb0.99825La0.00175Te1 500.0 -0.000133963341849 132727.955718 2.04430647002 19.14463526739466 1.3951961443025584e+19 4.843938744175559e+18 2.740083281969545e-14 106017362324399.64 -0.8606575510159535
00117 10.1002/aenm.201400486 Pb0.9985La0.0015Te1 500.0 -0.000169315459396 83800.3833239 1.82147959995 18.859663670947327 7.238751550207374e+18 2.842944458790126e+18 2.947661642308798e-14 75704303767147.39 -0.4100271237711377
00117 10.1002/aenm.201400486 Pb0.9995La0.0005Te1 500.0 -0.000256408698601 23464.2577199 1.28986282857 18.447156459126912 2.7999898635716664e+18 1.2681071753163323e+18 1.8503371147668797e-14 49194571355515.305 0.37959741632842425
00344 10.1063/1.3603962 Pb1.02Cr0.009Te1I0.06 500.0 -0.000253883736755 70400.2351498 0.0 18.463265974519878 2.9058017067678367e+18 1.3099227936895084e+18 5.3743804969995053e-14 49962594322500.05 -2.6851799250634247
00344 10.1063/1.3603962 Pb1.045Cr0.009Te1I0.11 500.0 -0.000123715909392 115674.375371 0.0 19.26401470518127 1.836600529463073e+19 6.025482649613495e+18 1.9197528579460756e-14 123141486904807.89 -2.364012214172342
00344 10.1063/1.3603962 Pb1.09Cr0.009Te1I0.2 500.0 -0.000123715909392 160243.893899 0.0 19.26401470518127 1.836600529463073e+19 6.025482649613495e+18 2.659436649598167e-14 123141486904807.89 -3.2748698336065885
00344 10.1063/1.3603962 Pb1Cr0.009Te1I0.02 500.0 -0.000278728361886 83185.8851059 0.0 18.270406164183427 1.8638294265274207e+18 8.835064182532594e+17 9.415425104705301e-14 41820907360524.34 -3.9376162106383563
00588 10.1021/cm9016672 Pb0.92Te0.92Si0.08I0.00023 500.0 -0.00024028340086 34071.3163513 0.0 18.539728444105116 3.4652011041080535e+18 1.5263511972225564e+18 2.2322068743614374e-14 53857285427318.46 -1.2022060276530633
00588 10.1021/cm9016672 Pb0.92Te0.92Si0.08I0.00046 500.0 -0.00022100870657 45800.1873376 0.0 18.62702089272361 4.23663346847989e+18 1.8136615608711762e+18 2.525288528230167e-14 58855121162079.67 -1.4862616229819634
00588 10.1021/cm9016672 Pb0.92Te0.92Si0.08I0.00086 500.0 -0.000186442231991 61591.7928605 0.0 18.77043955938327 5.894399391992803e+18 2.396752226088487e+18 2.5698022594942218e-14 68560680005162.61 -1.761873903897272
00588 10.1021/cm9016672 Pb0.92Te0.92Si0.08I0.0015 500.0 -0.000157358431096 87279.3660612 0.0 18.937689182889713 8.663416279934624e+18 3.2954704172053125e+18 2.6484645592788026e-14 82767786310721.73 -2.1920754869390775
00588 10.1021/cm9016672 Pb0.92Te0.92Si0.08 500.0 -0.000284143160405 13489.3673617 0.0 18.216458458227663 1.6461085028142077e+18 7.896056422113356e+17 1.708367650960834e-14 39911476774445.34 -0.6818347582353708
00860 10.1039/c1ee01314a Pb1Te0.9945I0.0055 500.0 -5.93061313926e-05 352213.811269 3.50268485062 20.598326530921216 3.96576093967767e+20 6.199117026882169e+19 5.681677079842854e-15 866909667881938.1 -1.4228159396789892
00860 10.1039/c1ee01314a Pb1Te0.996I0.004 500.0 -8.05160194864e-05 289948.354262 3.01207454968 20.028647539362 1.068187617670813e+20 2.3238055761465676e+19 1.247730693300102e-14 356816182000631.94 -1.4400304718034387
00860 10.1039/c1ee01314a Pb1Te0.9972I0.0028 500.0 -0.000101831783948 248959.022112 2.52906256143 19.59273339782794 3.915014706786017e+19 1.0856599327167613e+19 2.2931584247472742e-14 190528662054175.25 -1.8400615040235824
00860 10.1039/c1ee01314a Pb1Te0.9988I0.0012 500.0 -0.000148231033847 124557.05524 1.74840149612 19.008813768556887 1.0205017846768876e+19 3.7658360800640655e+18 3.307553823157406e-14 89959199154432.9 -1.2270474347942306
00860 10.1039/c1ee01314a Pb1Te0.998I0.002 500.0 -0.000120627225268 179899.580809 2.17484721182 19.304017840880146 2.01380697564508e+19 6.478949732597025e+18 2.776678138184736e-14 129618066550627.73 -1.4242293052290225
00860 10.1039/c1ee01314a Pb1Te0.9993I0.0007 500.0 -0.000188131711831 72664.8362051 1.47482931407 18.76269623868974 5.790235646821462e+18 2.3612783825629763e+18 3.07735152033316e-14 67983538927362.21 -0.6172631546874667
00860 10.1039/c1ee01314a Pb1Te0.9996I0.0004 500.0 -0.000229636251076 43159.3339117 1.29699337297 18.590137329523596 3.8916818554568305e+18 1.6866465694880996e+18 2.5588842791645993e-14 56666987431772.13 -0.15304925989779639
00860 10.1039/c1ee01314a Pb1Te0.99I0.01 500.0 -4.6013689637e-05 427325.027189 4.36769342752 21.03441106468475 1.0824580254502856e+21 1.3228101225511096e+20 3.2304336042188806e-15 1778086001644465.0 -1.3762953433834673
01680 10.1016/j.jallcom.2011.01.033 Pb1Se0.15Te0.85 500.0 -0.000156666042152 31915.7699682 0.803023084074 18.942704937500935 8.764051834378323e+18 3.3267483944931415e+18 9.593683135469773e-15 83250362692038.08 0.004345483493652269
01680 10.1016/j.jallcom.2011.01.033 Pb1Te1 500.0 -0.000296971396093 17571.9782847 1.02248281379 18.06771551625244 1.1687335635945567e+18 5.7617782398993984e+17 3.049749149145804e-14 35336253372620.89 -0.05518427278151106
01711 10.1016/j.jallcom.2012.08.041 Bi0.00088Pb0.99912Te0.88S0.12 500.0 -0.000196597169364 43579.0748633 0.758918104631 18.72584745230978 5.319213869141091e+18 2.1990581391544945e+18 1.9817154484171805e-14 65324399263537.25 -0.5356256071602367
01711 10.1016/j.jallcom.2012.08.041 Bi0.0026Pb0.9974Te0.88S0.12 500.0 -0.000129878488921 67909.1273104 0.994757184687 19.18985570561752 1.5483021099226704e+19 5.263114135678537e+18 1.2902841466052483e-14 112139329870588.48 -0.4521588107425669
01711 10.1016/j.jallcom.2012.08.041 Bi0.0044Pb0.9956Te0.88S0.12 500.0 -0.000109419843431 85498.5597441 1.25310908261 19.46633831867238 2.926431202064907e+19 8.673632357387651e+18 9.857295792722611e-15 160444765780924.3 -0.3284424320866699
01711 10.1016/j.jallcom.2012.08.041 Pb1Te0.88S0.12 500.0 -0.000273315230148 17385.4702367 0.679543414312 18.31963263275677 2.0875295543605765e+18 9.78059131761191e+17 1.7775479694559962e-14 43693870848780.39 -0.09713609973722126
02054 10.1063/1.3694742 In0.005Pb0.995Te0.994I0.006 500.0 -0.000164265688553 60962.158375 1.64817670675 18.89073730164038 7.775660704541039e+18 3.015718577436011e+18 2.021480347374805e-14 78420189184447.36 0.06292799401225424
02054 10.1063/1.3694742 In0.005Pb0.995Te0.996I0.004 500.0 -0.000207352427901 36285.7036643 1.60189592355 18.68204281106778 4.808867500664571e+18 2.0197055208311608e+18 1.796583872750296e-14 62342742729690.81 0.4818562618381672
02054 10.1063/1.3694742 In0.005Pb0.995Te0.998I0.002 500.0 -0.000236971514971 23389.3240634 1.40714044712 18.556138231560872 3.5986385797172966e+18 1.576913997935649e+18 1.4832339679918596e-14 54749824335471.53 0.5950724551604128
02054 10.1063/1.3694742 In0.005Pb0.995Te0.999I0.001 500.0 -0.00026946935247 15637.5034677 1.43496161049 18.35195145379207 2.2488032165711642e+18 1.0451173265368003e+18 1.496243825515544e-14 44995865860240.83 0.76171374581889
02054 10.1063/1.3694742 In0.015Pb0.985Te0.994I0.006 500.0 -0.000219757218212 25627.3814328 1.48558009069 18.632175035225053 4.287212746180471e+18 1.8321005255656512e+18 1.3987977774793599e-14 59170222235416.66 0.6579083371313938
02054 10.1063/1.3694742 In0.015Pb0.985Te0.996I0.004 500.0 -0.00023186069029 20412.3992755 1.36120065984 18.580131277450274 3.8030433639184896e+18 1.65363919239931e+18 1.2343925669712202e-14 56093048454837.46 0.6687922391259215
02054 10.1063/1.3694742 In0.015Pb0.985Te0.998I0.002 500.0 -0.000232467904337 16117.617533 1.47024965596 18.577356875758618 3.778825834030471e+18 1.6445936938644964e+18 9.800364426259307e-15 55935360762269.6 0.9220627361754723
02054 10.1063/1.3694742 In0.015Pb0.985Te0.999I0.001 500.0 -0.000232449757303 13819.3214959 1.4769892052 18.577440069854052 3.7795497808528655e+18 1.6448642672294154e+18 8.401496567967312e-15 55940080140595.26 1.0070088138869726
02054 10.1063/1.3694742 In0.01Pb0.99Te0.994I0.006 500.0 -0.000192570899543 41155.9611811 1.52667222105 18.74301016905168 5.533630661193385e+18 2.2732793004953436e+18 1.8104225544187283e-14 66545216018846.76 0.32192262135813365
02054 10.1063/1.3694742 In0.01Pb0.99Te0.996I0.004 500.0 -0.000216489926827 30234.8948621 1.4502320225 18.645472322497167 4.4205094415725773e+18 1.8804775260662766e+18 1.6078306942251852e-14 59994024354891.29 0.48562968422112474
02054 10.1063/1.3694742 In0.01Pb0.99Te0.998I0.002 500.0 -0.000254363798409 20447.2533738 1.48185328338 18.46025464752998 2.8857230439625236e+18 1.3020107348500792e+18 1.5704366197990227e-14 49817694084288.11 0.6994979723408882
02054 10.1063/1.3694742 In0.01Pb0.99Te0.999I0.001 500.0 -0.000224892439148 16307.4156335 1.44702432471 18.61074653008974 4.080811459538682e+18 1.756563130206197e+18 9.283705978495478e-15 57875352930601.125 0.9097265647006426
02098 10.1063/1.4796148 Pb1Te1Bi0.03 500.0 -8.22663834672e-05 87388.4127254 2.09105287144 19.98799640358938 9.727391684502099e+19 2.165987181497703e+19 4.034576634242777e-15 335830851412056.06 0.7361175652750607
02098 10.1063/1.4796148 Pb1Te1Bi0.04 500.0 -7.8973425239e-05 87592.2875069 1.72791552679 20.065238681984145 1.1620871046854705e+20 2.475483290092219e+19 3.5383913863396318e-15 376953787837870.6 0.39410549085638147
02098 10.1063/1.4796148 Pb1Te1Bi0.06 500.0 -8.44149202584e-05 102457.64945 1.89536944969 19.939342348039247 8.696456882400054e+19 1.990863443925849e+19 5.146392624898492e-15 312498395590087.06 0.28713001133256455
02098 10.1063/1.4796148 Pb1Te1 500.0 -0.000111127801957 113621.675059 2.07542847585 19.43978351974488 2.7528561610179162e+19 8.271712866342145e+18 1.373617253100384e-14 154851933676440.47 -0.05164440188914998
02343 10.1007/s11664-011-1715-9 Pb0.95Ce0.05Te1 500.0 -0.000211937564443 22314.4892126 0.697323842768 18.663742281955873 4.610439017432235e+18 1.9488798950698488e+18 1.1449904773018471e-14 61151922930003.33 -0.002859851467502894
02343 10.1007/s11664-011-1715-9 Pb0.97Ce0.03Te1 500.0 -0.000213662527048 30903.7162052 1.28128123247 18.6568432122779 4.537777655553495e+18 1.9227831266602076e+18 1.6072387871885708e-14 60711094301368.01 0.30550897673178334
02343 10.1007/s11664-011-1715-9 Pb0.985Ce0.015Te1 500.0 -0.000213386650085 22863.4282871 1.07266633684 18.657948056669134 4.549336450399015e+18 1.9269404420134328e+18 1.1865145278289103e-14 60781395922947.48 0.3514862439970192
02343 10.1007/s11664-011-1715-9 Pb1Te1 500.0 -0.00029608671836 17597.0165723 1.02238816039 18.078989789194374 1.1994711017543265e+18 5.902712457996792e+17 2.981174620569593e-14 35650644275917.81 -0.04041979883320823
02467 10.1007/s11664-012-2469-8 Pb1.024Te1I0.0488 500.0 -0.000112907290174 57339.3168287 0.0 19.412830527083997 2.587203124707645e+19 7.881959743431752e+18 7.274753829652885e-15 149408511371769.97 -1.0869101402845203
02467 10.1007/s11664-012-2469-8 Pb1Te1I0.0001 500.0 -0.00024886523012 11663.0533867 0.0 18.49337880837048 3.1144316799591485e+18 1.3915232414551964e+18 8.381500961854772e-15 51446119317841.13 -0.43119569854618084
02467 10.1007/s11664-012-2469-8 Pb1Te1I0.00033 500.0 -0.000204271271622 18875.7764464 1.52041397294 18.69439574838863 4.94761330094477e+18 2.0688560047411684e+18 9.123774880002594e-15 63164527276510.734 0.9441150456673326
02467 10.1007/s11664-012-2469-8 Pb1Te1I0.00053 500.0 -0.000187861778258 31920.3089367 1.73922904873 18.763923418840573 5.80662017667674e+18 2.3668675929144883e+18 1.3486309513999602e-14 68074572104767.66 0.82115429929202
02467 10.1007/s11664-012-2469-8 Pb1Te1I0.00106 500.0 -0.000134315241618 73584.4682324 2.17703739076 19.140880007920412 1.3831841634901055e+19 4.810582220425809e+18 1.529637471322269e-14 105527656491757.95 0.5628468144538232
02488 10.1007/s11664-013-2645-5 Pb1Te0.9Se0.1 500.0 -0.000119369833694 82398.0985607 1.29666950417 19.320867392638576 2.0934731377209983e+19 6.679471954259832e+18 1.2336019841830556e-14 132468100214971.03 -0.33745960849148116
02488 10.1007/s11664-013-2645-5 Pb1Te1 500.0 -0.000114468827389 132559.953485 1.74963802877 19.389768675406025 2.453401776481657e+19 7.56241872124226e+18 1.7528777282941124e-14 144929710339115.28 -0.7908025854455214
02525 10.1007/s11664-013-2819-1 Pb1Te1In0.06 500.0 -0.000221760218093 25977.5746872 1.33211648191 18.623906591710575 4.206361480068432e+18 1.8026036897172252e+18 1.441114030520769e-14 58665854704623.93 0.486674618636736
02525 10.1007/s11664-013-2819-1 Pb1Te1In0.14 500.0 -0.000213132559504 13262.9727338 1.26714226835 18.658965095204017 4.560002651612854e+18 1.9307747318560504e+18 6.869249174941463e-15 60846209436425.01 0.8491744943805221
02525 10.1007/s11664-013-2819-1 Pb1Te1In0.18 500.0 -0.000205827270607 10922.6348753 1.20961347022 18.688146275182284 4.876927227442232e+18 2.0438531473047619e+18 5.34413878497275e-15 62746944781652.79 0.874285088973826
02525 10.1007/s11664-013-2819-1 Pb1Te1In0.1 500.0 -0.000222698478556 15192.4668435 1.19570625972 18.619996287778626 4.1686582020880195e+18 1.7888079844481193e+18 8.493067436853576e-15 58429408178868.125 0.6994613557614292
02525 10.1007/s11664-013-2819-1 Pb1Te1 500.0 -0.000110453103726 128527.792807 1.88503734377 19.45019265045659 2.819633426553988e+19 8.427095697714494e+18 1.5251730538892293e-14 157016496471901.38 -0.5097359505803722
02834 10.1039/c5tc01781e Pb1Te1Cl0.006 500.0 -0.000143522270621 114214.684846 2.35136482452 19.05007415572698 1.1222100551663026e+19 4.0668073401096294e+18 2.8084606742870958e-14 94495013690037.69 -0.30249047412691565
02834 10.1039/c5tc01781e Pb1Te1Cl0.01 500.0 -7.17739005307e-05 194044.916292 3.3421448267 20.245754441579177 1.7609800729946138e+20 3.379002743524317e+19 5.7426682077686085e-15 496463444737533.94 0.49111998628647635
02834 10.1039/c5tc01781e Pb1Te1Na0.001Cl0.001 500.0 -0.00021018288252 67054.0599306 1.56290390539 18.67074549476752 4.685387286325187e+18 1.9757064663019812e+18 3.3939282517057355e-14 61603913241593.26 -0.5278887102727243
02834 10.1039/c5tc01781e Pb1Te1Na0.003Cl0.003 500.0 -0.000196537292945 89517.2863211 1.69401724051 18.726098638808377 5.322291276815258e+18 2.2001279721063526e+18 4.068730885476547e-14 65342048217284.805 -0.9645748565096444
03480 10.1021/ja071875h Pb0.952Sn0.048Te0.96S0.04 500.0 -0.000209698904056 51234.55362 1.31762514963 18.672676185424997 4.706262915876722e+18 1.9831622247346514e+18 2.5834776893683127e-14 61729325857400.73 -0.2771382116934127
03480 10.1021/ja071875h Pb0.954Sn0.046Te0.92S0.08 500.0 -0.000186441707933 77029.8756932 1.33407219832 18.77044198486582 5.894432311597774e+18 2.3967634150270275e+18 3.2139123624069234e-14 68560861808227.44 -0.8694138151073485
03480 10.1021/ja071875h Pb0.958Sn0.042Te0.84S0.16 500.0 -0.00018568719746 74114.1532062 1.31779598597 18.773949778670318 5.94223439306329e+18 2.412996104793485e+18 3.071457639694078e-14 68824463731271.41 -0.7961182632826154
03482 10.1021/ja910762q Pb1Cd0.01Te1.01I0.0006 500.0 -0.000206865227087 49272.797513 0.0 18.68399064729319 4.830483992856763e+18 2.027382969703558e+18 2.4303645758751058e-14 62471351205677.48 -1.518281589773311
03482 10.1021/ja910762q Pb1Cd0.01Te1.01I0.0009 500.0 -0.000175084066471 73349.7147031 1.46070441552 18.8270981480891 6.71580609184989e+18 2.6718150875977324e+18 2.7453140392679568e-14 72988177386363.88 -0.5430502652736475
03482 10.1021/ja910762q Pb1Cd0.01Te1.01I0.0011 500.0 -0.000158387306831 94128.2511717 1.63683982361 18.93034400497475 8.518124923435649e+18 3.2501621556960225e+18 2.896109383549893e-14 82067540543552.11 -0.7399259189204259
03482 10.1021/ja910762q Pb1Cd0.01Te1.01I0.0016 500.0 -0.000139747276588 108972.30648 1.73979400241 19.085616857324716 1.217914657848363e+19 4.34402693488461e+18 2.5085550369151802e-14 98634154431967.8 -0.7344980467118258
03482 10.1021/ja910762q Pb1Cd0.01Te1.01I0.002 500.0 -0.000108409209509 133911.514529 2.22447148913 19.48237221072857 3.036492485712393e+19 8.925266136165211e+18 1.5003643867423745e-14 163936561277152.78 -0.2351742931224905
03482 10.1021/ja910762q Pb1Cd0.01Te1.01I0.004 500.0 -9.91673157545e-05 155465.077741 2.54625850753 19.640502814142994 4.370215108750456e+19 1.1811571755756052e+19 1.316209908010238e-14 203567511613541.47 -0.13311724981732453
03482 10.1021/ja910762q Pb1Cd0.01Te1.01Sb0.003 500.0 -0.000214587812807 42894.8618842 0.0 18.65313237927804 4.4991697523543956e+18 1.908880816945955e+18 2.247121009515308e-14 60475790161633.82 -1.358964186392465
03482 10.1021/ja910762q Pb1Cd0.01Te1.01Sb0.005 500.0 -0.000195388088106 58633.592344 1.4000859281 18.730941808746664 5.381976644116051e+18 2.2208504289254497e+18 2.6401414332242825e-14 65683601419631.625 -0.3340540478135876
03482 10.1021/ja910762q Pb1Cd0.01Te1.01Sb0.01 500.0 -0.000139065449644 99212.1918401 1.86310120176 19.092281119574032 1.2367477233559478e+19 4.397943125050898e+18 2.255877100251309e-14 99435230660062.78 -0.3800353962824248
03482 10.1021/ja910762q Pb1Cd0.01Te1.01Sb0.02 500.0 -0.0001108348434 143932.251457 2.04823168418 19.444290324445646 2.7815721182673285e+19 8.338650045574427e+18 1.726085765325878e-14 155784777948729.0 -0.6407471925375385
03482 10.1021/ja910762q Pb1Cd0.01Te1.01Sb0.04 500.0 -0.000109234725625 157184.732528 2.66917384125 19.469257286848688 2.946166499179831e+19 8.718932083616725e+18 1.802797992008188e-14 161073903339415.7 -0.234663253802196
03482 10.1021/ja910762q Pb1Cd0.01Te1.01Sb0.06 500.0 -8.79938962097e-05 161835.171436 2.78951391293 19.86128124482999 7.265763287907257e+19 1.7383887579549178e+19 9.309492522626916e-15 278753156934461.94 0.19446348278997938
03482 10.1021/ja910762q Pb1Cd0.03Te1.03I0.0011 500.0 -0.000179853255385 57224.4306484 1.44249545225 18.802231019284505 6.342069825967797e+18 2.5476590297623255e+18 2.2461573538645217e-14 70999747521330.28 -0.1522705979256036
03482 10.1021/ja910762q Pb1Cd0.05Te1.05I0.0002 500.0 -0.000351913204559 6441.19237612 0.0 16.991722657104773 9.811211934140917e+16 4.4675360671086264e+16 1.4417773643825815e-13 20678115202147.227 -2.981323843655122
03482 10.1021/ja910762q Pb1Cd0.05Te1.05I0.0006 500.0 -0.000226638752543 25321.2503048 0.0 18.603264691968235 4.011111106510715e+18 1.7308763170617244e+18 1.462915059568466e-14 57432542772375.43 -0.8401893173101808
03482 10.1021/ja910762q Pb1Cd0.05Te1.05I0.0011 500.0 -0.00018547313409 51961.4671101 1.42458842661 18.77495077789336 5.955946361456261e+18 2.4176470639363036e+18 2.1492577591329104e-14 68899933861926.67 -0.056248747954902534
03482 10.1021/ja910762q Pb1Cd0.05Te1.05I0.0016 500.0 -0.000158911566269 66656.0274913 0.0 18.926650304746452 8.445984979780565e+18 3.227598510282252e+18 2.065189560564984e-14 81718276775249.1 -1.687637321036044
03482 10.1021/ja910762q Pb1Cd0.07Te1.07I0.0011 500.0 -0.000186454423086 43016.005734 1.140238825 18.770383139919247 5.893633696669089e+18 2.3964919724526874e+18 1.7949572219920817e-14 68556451241860.97 -0.09032014770726371
03482 10.1021/ja910762q Pb1Cd0.1Te1.1I0.0011 500.0 -0.000215555615874 28281.1006471 1.20755562726 18.649240904026453 4.459035233944125e+18 1.8944019663807178e+18 1.492877496381164e-14 60230378705203.29 0.3083898575848676
04191 10.1088/0957-4484_24_34_345705 Al0.01Pb1Te1 500.0 -0.000171963049571 66550.5312906 1.91722819525 18.844353790793004 6.988014392647591e+18 2.761257760462891e+18 2.4101528022303728e-14 74411195275603.3 0.12380468714193249
04191 10.1088/0957-4484_24_34_345705 Al0.02Pb1Te1 500.0 -0.000149225212771 106855.223374 1.94213352258 19.000517722525966 1.0011928110044398e+19 3.707900017258954e+18 2.881825908914129e-14 89080558396196.95 -0.6250130890869843
04191 10.1088/0957-4484_24_34_345705 Al0.03Pb1Te1 500.0 -0.000170645518285 93886.2904197 1.87457782988 18.851892413203828 7.110373481490827e+18 2.80120293637256e+18 3.3516418678783337e-14 75044288195148.97 -0.6406379527198907
04191 10.1088/0957-4484_24_34_345705 Al0.04Pb1Te1 500.0 -0.000164703223568 86805.7851583 1.86768145924 18.887942010821398 7.725774197942389e+18 2.9997841689317094e+18 2.8937343578692696e-14 78170751035854.98 -0.39437242128898387
04191 10.1088/0957-4484_24_34_345705 Pb1Te1 500.0 -0.000307345373398 15234.600092 1.27297520739 17.923221619317346 8.379567801550179e+17 4.209204878009937e+17 3.619353425058925e-14 31718750153359.703 0.12496153732849269
04419 10.1016/j.physb.2005.03.022 Pb1.001Te1I0.002 500.0 -8.23519729741e-05 301482.762157 0.0 19.986032108481595 9.683494461209616e+19 2.1586335202262462e+19 1.3966370823584803e-14 334852125335115.75 -4.676668953495722
04419 10.1016/j.physb.2005.03.022 Pb1Te1I0.00018 500.0 -0.000231659982949 45008.9277334 0.0 18.5810441390804 3.8110455460147466e+18 1.6566254944231058e+18 2.7169042058642025e-14 56145069435466.336 -1.5254077528775618
04419 10.1016/j.physb.2005.03.022 Pb1Te1I0.0006 500.0 -0.000154937292394 125240.763914 0.0 18.95548939061622 9.025876578796871e+18 3.4077319730814285e+18 3.675194085195366e-14 84496764591007.19 -3.105420094430148
04419 10.1016/j.physb.2005.03.022 Pb1Te1I0.00106 500.0 -0.000116372318976 210253.988919 0.0 19.362388999816023 2.3035041542452048e+19 7.199044879643206e+18 2.9205817220772826e-14 139817379286898.34 -4.083480823740621
04419 10.1016/j.physb.2005.03.022 Pb1Te1In0.0005 500.0 -0.000279780040727 30925.6433101 0.0 18.260308107529937 1.8209922921575365e+18 8.651833863593864e+17 3.574461067754932e-14 41452428074405.89 -1.481700903158754
04419 10.1016/j.physb.2005.03.022 Pb1Te1In0.0025 500.0 -0.000256136631123 28251.8692196 0.0 18.44892486491642 2.8114143997898e+18 1.2726364182704814e+18 2.2199481968302005e-14 49278026810293.9 -1.0939466676086222
04419 10.1016/j.physb.2005.03.022 Pb1Te1In0.005 500.0 -0.000255979062688 15856.7474651 0.0 18.44994538646465 2.818028535377203e+18 1.2752569753611466e+18 1.2434158582515846e-14 49326282905412.03 -0.6133308239319336
04419 10.1016/j.physb.2005.03.022 Pb1Te1In0.015 500.0 -0.000212066073068 10552.3227233 0.0 18.663228950348177 4.6049927453187886e+18 1.9469268809665364e+18 5.419989228389195e-15 61118971502858.97 -0.33126416719572177
04597 10.1039/c3cp52716f Pb0.998Yb0.002Te0.993I0.007 500.0 -0.000153134832612 121505.163685 2.2392678508 18.969226539403625 9.315936924771967e+18 3.496804139500042e+18 3.4747489089386714e-14 85862721135295.0 -0.7442461150337167
04597 10.1039/c3cp52716f Pb0.998Yb0.002Te0.994I0.006 500.0 -0.000257839786606 19580.3702496 1.3383708187 18.43772122933818 2.739814938871379e+18 1.244192299659922e+18 1.5737414750880512e-14 48752812201506.33 0.571127592813107
05735 10.1021/am502140h Pb1.0005Te0.75S0.15Se0.1Cl0.001 500.0 -0.000208464135095 22693.0106067 0.8349375417 18.677602950325024 4.759956132726898e+18 2.0023064587262848e+18 1.1333435253030932e-14 62050943694314.28 0.13168718895102116
05735 10.1021/am502140h Pb1.00085Te0.75S0.15Se0.1Cl0.0017 500.0 -0.000122580418801 96697.7731681 1.31652242531 19.27849472337984 1.8988677709704876e+19 6.18603814866989e+18 1.5631616043119905e-14 125439828297634.66 -0.644304807153512
05735 10.1021/am502140h Pb1.0016Te0.75S0.15Se0.1Cl0.0032 500.0 -0.000106527203897 95606.1921151 1.3836852863 19.512876094177823 3.257437518459166e+19 9.423375250301598e+18 1.0145642041798144e-14 170828245066747.25 -0.3494769387757872
05735 10.1021/am502140h Pb1.0039Te0.75S0.15Se0.1Cl0.0078 500.0 -6.77201484803e-05 151140.829393 1.99901056746 20.35468108576135 2.2629819281832814e+20 4.0754297546050626e+19 3.708586296260346e-15 588232830262192.2 -0.1825016458608042
