#1_sid 2_doi 3_composition 4_T 5_Sexp 6_sigmaexp 7_kappaexp 8_nexp 9_sigma_t_exp 10_tauel 11_kappael_t_exp 12_kappaph_exp-WF
00117 10.1002/aenm.201400486 Pb0.9975La0.0025Te1 400.0 -0.00010262882498 182178.014964 2.83403608595 19.1790183089382 1.510143817296356e+19 5.427572064424974e+18 3.356528716736641e-14 81174871316358.28 0.10937821944241977
00117 10.1002/aenm.201400486 Pb0.99825La0.00175Te1 400.0 -0.000104230303444 198563.313859 2.63333623696 19.149604607699448 1.411252121181241e+19 5.148734780940984e+18 3.85654577885852e-14 78074851248966.08 -0.37765614323206975
00117 10.1002/aenm.201400486 Pb0.9985La0.0015Te1 400.0 -0.000133421042588 134346.118229 2.35838699959 18.72330285802751 5.288138949655891e+18 2.3510134955704924e+18 5.714391622256505e-14 45394596469680.484 -0.23563801803056883
00117 10.1002/aenm.201400486 Pb0.9995La0.0005Te1 400.0 -0.000221504954907 38949.0021803 1.57919849594 18.297458309884192 1.9836192300909197e+18 1.026970694407769e+18 3.7926108692674056e-14 27554481733566.047 0.5341642267424722
00344 10.1063/1.3603962 Pb1.02Cr0.009Te1I0.06 400.0 -0.000168771084839 104017.802829 0.0 18.436469474463696 2.731929416245416e+18 1.3535312025903808e+18 7.684920940864258e-14 32276958050475.684 -2.480458708294978
00344 10.1063/1.3603962 Pb1.045Cr0.009Te1I0.11 400.0 -0.000109130109973 203760.405076 0.0 19.063757448444477 1.1581303647926649e+19 4.410194196822243e+18 4.6202138949531785e-14 69765129638803.125 -3.2232982134040804
00344 10.1063/1.3603962 Pb1.09Cr0.009Te1I0.2 400.0 -0.000109130109973 271668.988357 0.0 19.063757448444477 1.1581303647926649e+19 4.410194196822243e+18 6.160023260489313e-14 69765129638803.125 -4.2975482134607965
00344 10.1063/1.3603962 Pb1Cr0.009Te1I0.02 400.0 -0.000187848967506 122642.72728 0.0 18.357679259003795 2.2786585848657106e+18 1.1583008268634947e+18 1.0588158484881528e-13 29491985558415.97 -3.1226581712634554
00588 10.1021/cm9016672 Pb0.92Te0.92Si0.08I0.00023 400.0 -0.000203241336323 61850.6878637 0.0 18.32082994026254 2.0932926100703022e+18 1.0762175509412191e+18 5.747043226493355e-14 28287865593520.84 -1.6257158635119837
00588 10.1021/cm9016672 Pb0.92Te0.92Si0.08I0.00046 400.0 -0.000190416328055 79135.1219545 0.0 18.350107971067885 2.2392777819786253e+18 1.1409788627429955e+18 6.935721996133519e-14 29239678286728.715 -2.02798279853132
00588 10.1021/cm9016672 Pb0.92Te0.92Si0.08I0.00086 400.0 -0.000146240590922 106756.321027 0.0 18.594209846971275 3.92834703548739e+18 1.8388112419989875e+18 5.805724839431822e-14 38841437864914.484 -2.2550270061158173
00588 10.1021/cm9016672 Pb0.92Te0.92Si0.08I0.0015 400.0 -0.000122094123271 152992.838712 0.0 18.865285004986916 7.333056057790996e+18 3.065866889734513e+18 4.990198342409064e-14 54128819691618.3 -2.7011354630167275
00588 10.1021/cm9016672 Pb0.92Te0.92Si0.08 400.0 -0.000255574610592 18710.6530321 0.0 18.27339001564201 1.8766790923190088e+18 9.784320524825112e+17 1.9123099028314426e-14 26822841588028.45 -0.5129358559086586
00860 10.1039/c1ee01314a Pb1Te0.9945I0.0055 400.0 -4.17256217668e-05 515681.247226 4.44870302682 20.87694765645834 7.532647706803529e+20 1.0083872677454445e+20 5.1139206505350054e-15 1045830495860278.0 -0.8995911429191406
00860 10.1039/c1ee01314a Pb1Te0.996I0.004 400.0 -5.34915788539e-05 462094.269173 3.89957292124 20.45133865165471 2.8270836026391334e+20 4.864164301802471e+19 9.499972461904006e-15 522035906726731.8 -1.0597538167890406
00860 10.1039/c1ee01314a Pb1Te0.9972I0.0028 400.0 -7.59201315566e-05 384122.153594 3.31658058638 19.77618245824416 5.972861691089953e+19 1.5415919829590757e+19 2.4917238662378095e-14 186433078800500.5 -1.328816932654013
00860 10.1039/c1ee01314a Pb1Te0.9988I0.0012 400.0 -0.000114243518689 210162.34157 2.27706746424 18.980636663573026 9.56393605139419e+18 3.791066024909716e+18 5.543621245029754e-14 62662400949807.54 -1.196698707459257
00860 10.1039/c1ee01314a Pb1Te0.998I0.002 400.0 -9.16035844151e-05 299931.712346 2.85713201065 19.400429591675074 2.5143723469908095e+19 8.036105199706336e+18 3.7323019658448526e-14 109493803204183.0 -1.229507358818016
00860 10.1039/c1ee01314a Pb1Te0.9993I0.0007 400.0 -0.00014859684536 118592.33138 1.87586388227 18.573822565805877 3.748198355675382e+18 1.768107583669726e+18 6.707302908223513e-14 37910417574624.2 -0.6669026582324471
00860 10.1039/c1ee01314a Pb1Te0.9996I0.0004 400.0 -0.000189893466756 76741.2959968 1.6165617745 18.351598985093162 2.2469788526481162e+18 1.1443710763486136e+18 6.705980042912413e-14 29289161667148.73 -0.3475635616353465
00860 10.1039/c1ee01314a Pb1Te0.99I0.01 400.0 -3.23427874564e-05 601923.16768 5.33091996747 21.254408310114393 1.7964217728084958e+21 1.9545461797949587e+20 3.079605761697299e-15 1991472271727407.2 -0.8020295148021326
01680 10.1016/j.jallcom.2011.01.033 Pb1Se0.15Te0.85 400.0 -0.000137912092371 28978.8255486 0.954054563162 18.674453238115465 4.725559525387333e+18 2.143347246680071e+18 1.3520359612044496e-14 42774238317298.18 0.3757314789808356
01680 10.1016/j.jallcom.2011.01.033 Pb1Te1 400.0 -0.000266555337815 24448.3138735 1.12588515315 18.260805313209303 1.8230782642965793e+18 9.539019635838637e+17 2.5629797198075052e-14 26449544815472.48 0.4479886835480429
01711 10.1016/j.jallcom.2012.08.041 Bi0.00088Pb0.99912Te0.88S0.12 400.0 -0.000156231735412 75763.1527298 0.909620707694 18.514318723321665 3.2682759889278367e+18 1.5758820191456118e+18 4.8076665517686495e-14 35338721840264.59 -0.7893472020429634
01711 10.1016/j.jallcom.2012.08.041 Bi0.0026Pb0.9974Te0.88S0.12 400.0 -9.55064041777e-05 102080.509737 1.16104440643 19.318196060047853 2.080635767612766e+19 6.95228975089989e+18 1.468300565634321e-14 97852223596794.38 -0.2757203461274922
01711 10.1016/j.jallcom.2012.08.041 Bi0.0044Pb0.9956Te0.88S0.12 400.0 -7.70151815914e-05 122704.431381 1.40520984116 19.74749426659905 5.591061464017795e+19 1.4675143591021e+19 8.361378586855996e-15 178820382420998.22 -0.08997507530833482
01711 10.1016/j.jallcom.2012.08.041 Pb1Te0.88S0.12 400.0 -0.000233347696503 30341.4569975 0.797292652049 18.28880127021241 1.9444701035718387e+18 1.0092623416650438e+18 3.0063003190472544e-14 27288605697902.387 -0.023084788110586674
02054 10.1063/1.3694742 In0.005Pb0.995Te0.994I0.006 400.0 -0.000154964056065 77693.0824611 1.85304758731 18.523527886013675 3.3383193979976827e+18 1.604308077200952e+18 4.8427782397413145e-14 35723040126034.63 0.12305997351233655
02054 10.1063/1.3694742 In0.005Pb0.995Te0.996I0.004 400.0 -0.000197018488214 46170.9385921 1.79841911981 18.333381139035204 2.1546718561383516e+18 1.1035535423700406e+18 4.183842180683072e-14 28691311515251.574 0.5980199264437249
02054 10.1063/1.3694742 In0.005Pb0.995Te0.998I0.002 400.0 -0.000226625927038 31026.8787283 1.60334012342 18.293350872006066 1.9649471413792704e+18 1.0185333828196955e+18 3.046230909232014e-14 27427949606522.21 0.7678214447375399
02054 10.1063/1.3694742 In0.005Pb0.995Te0.999I0.001 400.0 -0.000256329328621 21123.0618821 1.67809607551 18.272688291583265 1.873649241426248e+18 9.770491116398568e+17 2.161924270792032e-14 26801861165723.668 1.098660133944236
02054 10.1063/1.3694742 In0.015Pb0.985Te0.994I0.006 400.0 -0.000207580180753 29388.7478582 1.66392065338 18.313667215832396 2.059051531836953e+18 1.0608984409339922e+18 2.770175421534862e-14 28060656967210.188 0.8865912309531335
02054 10.1063/1.3694742 In0.015Pb0.985Te0.996I0.004 400.0 -0.000216670348967 23139.81534 1.50152320722 18.30210763414742 2.0049688708302241e+18 1.0365987649422554e+18 2.232282742618261e-14 27698549087158.543 0.883213275991712
02054 10.1063/1.3694742 In0.015Pb0.985Te0.998I0.002 400.0 -0.000214503268132 18605.4692778 1.6504702847 18.304495073186747 2.016021099971254e+18 1.0415750434159396e+18 1.7862821690486823e-14 27772877396546.434 1.1543683279337391
02054 10.1063/1.3694742 In0.015Pb0.985Te0.999I0.001 400.0 -0.000216587470446 16500.1277125 1.66429856635 18.302195208153606 2.0053732067536118e+18 1.03678091297762e+18 1.5914768015078393e-14 27701271336558.805 1.223439259305926
02054 10.1063/1.3694742 In0.01Pb0.99Te0.994I0.006 400.0 -0.000182571995145 53993.613808 1.71898059565 18.375312749002934 2.3730820208667054e+18 1.1995877473172646e+18 4.5010141132860265e-14 30089702139923.188 0.3646388556863298
02054 10.1063/1.3694742 In0.01Pb0.99Te0.996I0.004 400.0 -0.000205548297165 38419.7068253 1.60654799347 18.31687211450182 2.0743026133446554e+18 1.0677278365123763e+18 3.598267789926134e-14 28162049499128.133 0.5932020373598184
02054 10.1063/1.3694742 In0.01Pb0.99Te0.998I0.002 400.0 -0.000227941751979 25569.9401974 1.66964465437 18.292400017579478 1.960649746590258e+18 1.016589302655552e+18 2.5152674861525458e-14 27398756965418.82 0.9804926288088646
02054 10.1063/1.3694742 In0.01Pb0.99Te0.999I0.001 400.0 -0.000219789578578 18812.6484279 1.66046758061 18.299010205428818 1.9907201181073618e+18 1.0301752467222431e+18 1.826160013818725e-14 27602470202229.094 1.1564023069506637
02098 10.1063/1.4796148 Pb1Te1Bi0.03 400.0 -5.66582036245e-05 115308.539663 0.0 20.34548498908595 2.2155675163199983e+20 4.063353645727798e+19 2.83776775827118e-15 441550164773420.3 -1.2530168212533392
02098 10.1063/1.4796148 Pb1Te1Bi0.04 400.0 -5.34897350154e-05 110238.923215 0.0 20.451401338788255 2.827491700290977e+20 4.864682956287699e+19 2.2661070455272732e-15 522088011778695.2 -1.1831073218770272
02098 10.1063/1.4796148 Pb1Te1Bi0.06 400.0 -5.596659299e-05 132120.791986 0.0 20.368297400659483 2.3350565390344877e+20 4.2238781713528316e+19 3.1279498751187728e-15 457690393502851.94 -1.4316326092003078
02098 10.1063/1.4796148 Pb1Te1 400.0 -7.76473595601e-05 150617.25518 0.0 19.73110503573797 5.383999808118004e+19 1.4267608968509671e+19 1.0556586987520502e-14 174625216792895.0 -1.8434462912888219
02343 10.1007/s11664-011-1715-9 Pb0.95Ce0.05Te1 400.0 -0.000174479910566 32552.5824342 0.751485800243 18.408330791499004 2.5605354416508165e+18 1.280567927462108e+18 2.5420426153194623e-14 31247999841302.69 -0.042851672157872334
02343 10.1007/s11664-011-1715-9 Pb0.97Ce0.03Te1 400.0 -0.000181839571534 40273.0429068 1.41242626239 18.37799281035352 2.3877717535670707e+18 1.2059803108981317e+18 3.339444478725145e-14 30181800896713.934 0.40452177876487005
02343 10.1007/s11664-011-1715-9 Pb0.985Ce0.015Te1 400.0 -0.000182081304834 32123.2128442 1.1943721579 18.37710177522712 2.382877822106199e+18 1.2038515089191718e+18 2.6683700278816358e-14 30151143930930.01 0.38982807018361065
02343 10.1007/s11664-011-1715-9 Pb1Te1 400.0 -0.000266435242715 24602.8248864 1.12298447157 18.2609748500969 1.8237900839571448e+18 9.542286282688076e+17 2.578294567732184e-14 26454532241285.65 0.44090870387397285
02488 10.1007/s11664-013-2645-5 Pb1Te0.9Se0.1 400.0 -8.19006505322e-05 99067.6842217 1.62802499638 19.62408246501157 4.208065246804896e+19 1.1863843908016923e+19 8.350386686624864e-15 149756913623136.34 0.37749685863133253
02488 10.1007/s11664-013-2645-5 Pb1Te1 400.0 -8.13986570028e-05 234330.2226 2.13045160123 19.636422477834707 4.329347813834774e+19 1.211960057462476e+19 1.933481397816241e-14 152414449824656.9 -0.8164534337137099
02525 10.1007/s11664-013-2819-1 Pb1Te1In0.06 400.0 -0.000196410794867 28661.4450438 1.35527247149 18.33476588399008 2.1615529768375355e+18 1.1066083253842642e+18 2.5900261534583573e-14 28736241197612.664 0.6109963089509569
02525 10.1007/s11664-013-2819-1 Pb1Te1In0.14 400.0 -0.000196325492074 13289.9271959 1.2558970307 18.334962661561867 2.1625325921439268e+18 1.1070430535842701e+18 1.2004887391570944e-14 28742632672600.848 0.9108449621281389
02525 10.1007/s11664-013-2819-1 Pb1Te1In0.18 400.0 -0.000194635472275 10722.4395631 1.22319683916 18.33898531598222 2.18265611237207e+18 1.1159646174177624e+18 9.608225382549064e-15 28873662947138.297 0.9457721779441395
02525 10.1007/s11664-013-2819-1 Pb1Te1In0.1 400.0 -0.000209483819343 15707.9586823 1.2041799136 18.310888095044703 2.0459173958698335e+18 1.0550089469325265e+18 1.4888934096693126e-14 27973086911336.547 0.7876904660960411
02525 10.1007/s11664-013-2819-1 Pb1Te1 400.0 -7.85736343686e-05 169843.251507 2.13131835613 19.707318278521562 5.097042778118289e+19 1.3695622084637389e+19 1.240128053018607e-14 168727918255150.7 0.03887610857357293
02834 10.1039/c5tc01781e Pb1Te1Cl0.006 400.0 -0.000121322418214 164541.699994 3.04918861097 18.875987477327946 7.516012216468e+18 3.1272435780343695e+18 5.2615568914981277e-14 54861993034506.3 0.1625936356497113
02834 10.1039/c5tc01781e Pb1Te1Cl0.01 400.0 -5.22646763707e-05 285127.943353 4.44349106535 20.493323762198198 3.1140369554445815e+20 5.2243858262888e+19 5.457635650074944e-15 558219414269377.44 1.3969328894694915
02834 10.1039/c5tc01781e Pb1Te1Na0.001Cl0.001 400.0 -0.000170645287411 119519.345986 2.00935965136 18.42676157080996 2.6715393215476705e+18 1.3279360107029852e+18 9.000384432886086e-14 31917504039932.887 -0.863338413615907
02834 10.1039/c5tc01781e Pb1Te1Na0.003Cl0.003 400.0 -0.000153574461109 157861.109288 2.15299970856 18.533923537208196 3.419192382001814e+18 1.63696609565903e+18 9.643517340195512e-14 36162777263760.99 -1.3343639875670714
03480 10.1021/ja071875h Pb0.952Sn0.048Te0.96S0.04 400.0 -0.000168232078076 91767.1432816 1.67629343801 18.439349118210984 2.7501040029356867e+18 1.3612106118727555e+18 6.741583005685405e-14 32384500280484.1 -0.5069345293752585
03480 10.1021/ja071875h Pb0.954Sn0.046Te0.92S0.08 400.0 -0.000143735023857 131930.465825 1.61672933654 18.616985849949515 4.139861862282079e+18 1.920892957718867e+18 6.868184158563026e-14 39913259710832.414 -1.1245868440855105
03480 10.1021/ja071875h Pb0.958Sn0.042Te0.84S0.16 400.0 -0.000140858367251 131519.689744 1.58005014705 18.644568350814414 4.411317845518862e+18 2.0248431248575199e+18 6.495302679473232e-14 41257722621115.17 -1.0997638158489276
03482 10.1021/ja910762q Pb1Cd0.01Te1.01I0.0006 400.0 -0.000163926556802 88750.4090195 0.0 18.463803905604955 2.9094031560058373e+18 1.4280672203483105e+18 6.214722091152927e-14 33315022345197.562 -2.070436053359527
03482 10.1021/ja910762q Pb1Cd0.01Te1.01I0.0009 400.0 -0.00013733932944 126730.336949 1.91900891553 18.680459221364618 4.791364616656245e+18 2.1679270002474772e+18 5.845692079785585e-14 43086768705604.94 -0.5997109101290818
03482 10.1021/ja910762q Pb1Cd0.01Te1.01I0.0011 400.0 -0.00012267343919 160999.587035 2.20221555404 18.85733972958622 7.200119916672898e+18 3.0210321233683246e+18 5.329290800638432e-14 53591788304426.18 -0.6538466899654076
03482 10.1021/ja910762q Pb1Cd0.01Te1.01I0.0016 400.0 -0.000105618169709 182015.490897 2.26513880157 19.12465892364009 1.332474552457134e+19 4.922911957346252e+18 3.697313550882949e-14 75550163941001.34 -0.5281876475349261
03482 10.1021/ja910762q Pb1Cd0.01Te1.01I0.002 400.0 -7.87707740008e-05 217213.058321 2.95880269861 19.70229041862764 5.0383741909625184e+19 1.3577601558216892e+19 1.5997896048845754e-14 167509677040620.06 0.2790002981384361
03482 10.1021/ja910762q Pb1Cd0.01Te1.01I0.004 400.0 -6.96814718681e-05 245347.523506 3.32019442226 19.94697498911345 8.85064637760986e+19 2.064355458922934e+19 1.188494561077232e-14 239803102446323.5 0.4701475923909828
03482 10.1021/ja910762q Pb1Cd0.01Te1.01Sb0.003 400.0 -0.000178158843999 75797.8427649 0.0 18.39237112361145 2.4681475762654346e+18 1.2408156749513498e+18 6.108710930644222e-14 30681648705802.14 -1.874253228193197
03482 10.1021/ja910762q Pb1Cd0.01Te1.01Sb0.005 400.0 -0.000154151902536 103187.103938 1.81240333417 18.529565134860487 3.3850503655693307e+18 1.6231999734881907e+18 6.357017349886663e-14 35977648266236.34 -0.4747020081958422
03482 10.1021/ja910762q Pb1Cd0.01Te1.01Sb0.01 400.0 -0.000104383740802 167052.025469 2.44408238771 19.146821946991572 1.4022386937891537e+19 5.123068284699119e+18 3.260780770147612e-14 77788557791802.19 -0.09243194614024786
03482 10.1021/ja910762q Pb1Cd0.01Te1.01Sb0.02 400.0 -8.019621239e-05 232823.142606 2.77003693716 19.66629631350972 4.637632314728421e+19 1.2761029485102698e+19 1.8244855783602658e-14 159066282048957.97 -0.13210443885710266
03482 10.1021/ja910762q Pb1Cd0.01Te1.01Sb0.04 400.0 -7.77565233734e-05 247775.94724 3.47155074138 19.72828770525726 5.349186073481312e+19 1.4198669974127129e+19 1.7450644862617294e-14 173915029557068.1 0.43662132430801526
03482 10.1021/ja910762q Pb1Cd0.01Te1.01Sb0.06 400.0 -6.11251120221e-05 234630.286755 3.56450854735 20.202217328865018 1.593005696676559e+20 3.1860931867554443e+19 7.3642003859258e-15 353245478051294.7 0.9631380615581122
03482 10.1021/ja910762q Pb1Cd0.03Te1.03I0.0011 400.0 -0.000142471987483 97013.8080081 1.85664400965 18.628905158509852 4.2550548084399683e+18 1.9651903779133665e+18 4.9366111852791065e-14 40487892694050.11 -0.14208582976827988
03482 10.1021/ja910762q Pb1Cd0.05Te1.05I0.0002 400.0 -0.000307150806167 10865.081937 0.0 18.13518545766202 1.3651659817582595e+18 7.382213061481166e+17 1.471791974373066e-14 23045654363163.9 -0.33918409135880256
03482 10.1021/ja910762q Pb1Cd0.05Te1.05I0.0006 400.0 -0.000192358730502 43155.1467631 0.0 18.344790020498404 2.21202494652953e+18 1.128955308557177e+18 3.8225735275786046e-14 29063995200019.047 -1.1109925865726444
03482 10.1021/ja910762q Pb1Cd0.05Te1.05I0.0011 400.0 -0.000148545521083 86639.9837949 1.83220589224 18.574256179311327 3.7519425456811935e+18 1.769584778123019e+18 4.89606289938808e-14 37929946133525.195 -0.024868128161410707
03482 10.1021/ja910762q Pb1Cd0.05Te1.05I0.0016 400.0 -0.000122197281114 108925.851681 0.0 18.863864629474115 7.309112213699404e+18 3.0578064318030413e+18 3.562221942766065e-14 54032363417971.88 -1.9247527058700986
03482 10.1021/ja910762q Pb1Cd0.07Te1.07I0.0011 400.0 -0.000149028732198 71878.702186 1.40705091239 18.57019203837551 3.716995526192581e+18 1.7557841796054671e+18 4.093823319569463e-14 37747370465820.02 -0.13825974226401638
03482 10.1021/ja910762q Pb1Cd0.1Te1.1I0.0011 400.0 -0.000175788479242 48038.3246074 1.47106737154 18.402465956376172 2.5261896785530255e+18 1.2658252427436728e+18 3.795020274937562e-14 31038451069077.14 0.2931518604419481
04191 10.1088/0957-4484_24_34_345705 Al0.01Pb1Te1 400.0 -0.00013714021977 99547.6224377 2.5209526087 18.682562236251584 4.814622446498627e+18 2.1765953934002895e+18 4.573547419035292e-14 43196827767691.81 0.5453252072256107
04191 10.1088/0957-4484_24_34_345705 Al0.02Pb1Te1 400.0 -0.000118701450001 142809.251399 2.44891191474 18.91335967360724 8.191429043173165e+18 3.3506941784505073e+18 4.262079551080983e-14 57512836559323.836 -0.0023309315015684895
04191 10.1088/0957-4484_24_34_345705 Al0.03Pb1Te1 400.0 -0.000135815344358 139109.126553 2.43127621218 18.69675616622696 4.974577099172154e+18 2.2359486455687265e+18 6.221481286195498e-14 43948234187743.13 -0.3029549534238112
04191 10.1088/0957-4484_24_34_345705 Al0.04Pb1Te1 400.0 -0.000135477408489 119962.48978 2.32321070737 18.700432745657654 5.016868823691361e+18 2.251565982729676e+18 5.327957994576024e-14 44145329718692.8 -0.028833916609038557
04191 10.1088/0957-4484_24_34_345705 Pb1Te1 400.0 -0.00027047969259 24555.6431516 1.62596291551 18.25479978000137 1.798041784351154e+18 9.4239664804402e+17 2.605659008079684e-14 26273599030521.504 0.9413625156244798
04419 10.1016/j.physb.2005.03.022 Pb1.001Te1I0.002 400.0 -5.78147427685e-05 439667.304404 0.0 20.307717096671535 2.0310335464198845e+20 3.810957984767261e+19 1.1536923423490614e-14 416163447424961.44 -4.801245824597642
04419 10.1016/j.physb.2005.03.022 Pb1Te1I0.00018 400.0 -0.000188708713905 91044.3078202 0.0 18.35507330099282 2.2650265705339507e+18 1.1523116143756936e+18 7.901014507219607e-14 29404853087098.555 -2.3232817082382695
04419 10.1016/j.physb.2005.03.022 Pb1Te1I0.0006 400.0 -0.00011642735456 227094.986108 0.0 18.947087177571106 8.852933002627422e+18 3.565095810010356e+18 6.369954643865247e-14 60031468728475.85 -3.8239773300500612
04419 10.1016/j.physb.2005.03.022 Pb1Te1I0.00106 400.0 -8.51160830486e-05 330896.582933 0.0 19.5468604556864 3.5225766800966414e+19 1.037771210996082e+19 3.188531146623311e-14 134246160117544.98 -4.280480628493724
04419 10.1016/j.physb.2005.03.022 Pb1Te1In0.0005 400.0 -0.000244295334206 43261.396911 0.0 18.281994813986135 1.914233066571553e+18 9.95537358646324e+17 4.345532242991306e-14 27081715848388.883 -1.1768446941470254
04419 10.1016/j.physb.2005.03.022 Pb1Te1In0.0025 400.0 -0.000225901168033 30482.7728416 0.0 18.293890732595532 1.9673912367222646e+18 1.0196386840595589e+18 2.989566139275611e-14 27444540664920.793 -0.8204726947981976
04419 10.1016/j.physb.2005.03.022 Pb1Te1In0.005 400.0 -0.000227198728217 17685.2475286 0.0 18.292932488100647 1.9630550924856284e+18 1.0176775498665556e+18 1.7378046249442175e-14 27415100024355.92 -0.4764208761563405
04419 10.1016/j.physb.2005.03.022 Pb1Te1In0.015 400.0 -0.000198550139448 10021.997716 0.0 18.33002156826918 2.138068269269222e+18 1.0961745112050204e+18 9.142702748107924e-15 28582653435732.492 -0.26132270411508784
04597 10.1039/c3cp52716f Pb0.998Yb0.002Te0.993I0.007 400.0 -0.000119360406395 244580.636673 3.08030522213 18.90381376145963 8.013343534160307e+18 3.292240378856173e+18 7.42900300487703e-14 56822061024084.945 -1.14100739878233
04597 10.1039/c3cp52716f Pb0.998Yb0.002Te0.994I0.006 400.0 -0.000199406395775 33945.9677738 1.61457604594 18.328222911935246 2.1292316441601106e+18 1.0922426186023287e+18 3.107914596597451e-14 28524681197328.883 0.7280533153753271
05735 10.1021/am502140h Pb1.0005Te0.75S0.15Se0.1Cl0.001 400.0 -0.000167843811125 38291.4879117 0.990027770744 18.441448045113145 2.763427309071935e+18 1.3668333406965243e+18 2.801474530332063e-14 32463152648588.188 0.08058081755098334
05735 10.1021/am502140h Pb1.00085Te0.75S0.15Se0.1Cl0.0017 400.0 -9.13289787489e-05 153219.558956 1.59269991512 19.406378991751254 2.54905374143534e+19 8.120473217935899e+18 1.8868304203944666e-14 110394231800783.7 -0.4902520328579689
05735 10.1021/am502140h Pb1.0016Te0.75S0.15Se0.1Cl0.0032 400.0 -7.52253110723e-05 143684.931467 1.68369031763 19.794582988261897 6.231362096151536e+19 1.5910085119374615e+19 9.031059883647428e-15 191502947995303.88 -0.04578427361060844
05735 10.1021/am502140h Pb1.0039Te0.75S0.15Se0.1Cl0.0078 400.0 -4.4977144381e-05 205747.539766 2.37699405257 20.75413559000647 5.677218247698066e+20 8.159682776565812e+19 2.5215139534210364e-15 852847680343255.8 0.22652672644171723
