#1_sid 2_doi 3_composition 4_T 5_Sexp 6_sigmaexp 7_kappaexp 8_nexp 9_sigma_t_exp 10_tauel 11_kappael_t_exp 12_kappaph_exp-WF
00117 10.1002/aenm.201400486 Pb0.9975La0.0025Te1 700.0 -0.000179087097077 66387.3967921 1.51976883637 19.172754583086462 1.4885196874592807e+19 4.649923684916491e+18 1.4277093838647002e-14 202771777490841.16 -1.3752228586959894
00117 10.1002/aenm.201400486 Pb0.99825La0.00175Te1 700.0 -0.000181150104942 66674.5729832 1.41627387926 19.15423779849164 1.4263884005855769e+19 4.492500354078494e+18 1.484130611646359e-14 199183799978189.44 -1.5398738696567633
00117 10.1002/aenm.201400486 Pb0.9985La0.0015Te1 700.0 -0.000210853278737 44157.5657838 1.30804259873 18.93156321671051 8.542071783510545e+18 2.9583290064037524e+18 1.4926522941908842e-14 163660876728806.66 -1.1348452324554474
00117 10.1002/aenm.201400486 Pb0.9995La0.0005Te1 700.0 -0.000267510031692 14036.3917126 1.14802768179 18.688517138940668 4.881093635516143e+18 1.8592198396706086e+18 7.549613775144943e-15 137667972541354.58 0.10868765989551354
00860 10.1039/c1ee01314a Pb1Te0.9945I0.0055 700.0 -0.000102398390276 188920.942123 2.21022730276 20.212073938081925 1.629573441825937e+20 3.051301630270779e+19 6.191486946055698e-15 743877677046146.6 -2.3954816241334536
00860 10.1039/c1ee01314a Pb1Te0.996I0.004 700.0 -0.000127377160792 140425.793174 1.90234270513 19.79108095937063 6.1813161892371825e+19 1.4379205343760951e+19 9.765893859699965e-15 413162839198473.56 -2.1325617292545767
00860 10.1039/c1ee01314a Pb1Te0.9972I0.0028 700.0 -0.000148686454773 120472.095919 1.62157493906 19.498107123483237 3.148524836410463e+19 8.461147601030005e+18 1.423826903862716e-14 287259755838494.0 -2.468506748538827
00860 10.1039/c1ee01314a Pb1Te0.9988I0.0012 700.0 -0.000207835324934 56915.8653987 1.2033905721 18.950685022544548 8.926578377450165e+18 3.067233944948422e+18 1.855608878234982e-14 166217056169544.4 -1.880947879322893
00860 10.1039/c1ee01314a Pb1Te0.998I0.002 700.0 -0.000174787608373 82786.9225506 1.41914657656 19.212723945135394 1.6320142448921225e+19 5.008054031456079e+18 1.6530756663288218e-14 210898536921185.28 -2.06716581792762
00860 10.1039/c1ee01314a Pb1Te0.9993I0.0007 700.0 -0.000237676003739 33921.3867791 1.1025099741 18.791604695903896 6.18877503130961e+18 2.2666896198713638e+18 1.4965166153196158e-14 147324201420234.66 -1.1022211785407492
00860 10.1039/c1ee01314a Pb1Te0.9996I0.0004 700.0 -0.000262814031441 20336.7558118 1.08406596245 18.701724931428576 5.031818081853224e+18 1.9072183511828992e+18 1.0663045371384296e-14 138803262596752.3 -0.39599952431533847
00860 10.1039/c1ee01314a Pb1Te0.99I0.01 700.0 -7.921533152e-05 239289.967729 2.90001722106 20.68597584127889 4.85261505521523e+20 7.076349122861901e+19 3.3815455339239045e-15 1539741086439933.2 -2.3066873731900963
01711 10.1016/j.jallcom.2012.08.041 Bi0.00088Pb0.99912Te0.88S0.12 700.0 -0.00025213022303 17369.5116321 0.652139470851 18.735722380727662 5.441546951051429e+18 2.0362686627213962e+18 8.53006872329229e-15 141860122049159.88 -0.5579371193229656
01711 10.1016/j.jallcom.2012.08.041 Bi0.0026Pb0.9974Te0.88S0.12 700.0 -0.000192324522395 32203.1150009 0.838824060907 19.061119396647165 1.1511168115626273e+19 3.775493269650448e+18 8.529511960666668e-15 182711629586505.03 -0.7196169690039925
01711 10.1016/j.jallcom.2012.08.041 Bi0.0044Pb0.9956Te0.88S0.12 700.0 -0.00017173167889 41938.301022 1.06592290659 19.24228827654045 1.7469813816517018e+19 5.289917018052082e+18 7.927969546381096e-15 217261438152008.38 -0.6565191586820824
01711 10.1016/j.jallcom.2012.08.041 Pb1Te0.88S0.12 700.0 -0.000301402928053 7851.43988028 0.824751339715 18.61775212049332 4.1471726952469903e+18 1.6210542465136845e+18 4.843415880230829e-15 132061072090772.39 0.1851246459902448
02098 10.1063/1.4796148 Pb1Te1Bi0.03 700.0 -0.000139404793298 51733.1623437 1.73791746022 19.61866816625699 4.155929447911999e+19 1.0533566475169556e+19 4.911267467258022e-15 331867847388704.06 0.10802569791090755
02098 10.1063/1.4796148 Pb1Te1Bi0.04 700.0 -0.000128951791662 56121.6294386 1.51043610881 19.767435111042357 5.853762673445372e+19 1.3780183494299185e+19 4.072632955999267e-15 400599031014021.1 -0.1210567070390749
02098 10.1063/1.4796148 Pb1Te1Bi0.06 700.0 -0.000143929654188 60614.0450153 1.59450219334 19.558572861815165 3.618868995964536e+19 9.445383065737224e+18 6.417319932229662e-15 308532249134156.25 -0.3854479587642685
02098 10.1063/1.4796148 Pb1Te1 700.0 -0.000173622338397 47683.8345736 1.5016143889 19.22388271468173 1.674490602988675e+19 5.112695009542194e+18 9.326555658924342e-15 213264059925362.75 -0.4874047360420719
02488 10.1007/s11664-013-2645-5 Pb1Te0.9Se0.1 700.0 -0.000182328335693 39687.7001252 1.59096517974 19.143851852714924 1.3926816479337234e+19 4.406462857289551e+18 9.00670252094493e-15 197218640072588.97 -0.1853244429791181
02488 10.1007/s11664-013-2645-5 Pb1Te1 700.0 -0.000188466351022 58938.6570718 1.73876948679 19.091928492566993 1.2357439490428967e+19 3.9995739173914865e+18 1.4736233981203595e-14 187883267300455.16 -1.0299223013025254
02525 10.1007/s11664-013-2819-1 Pb1Te1In0.06 700.0 -0.000231992984332 25326.9602686 1.2558809152 18.81706603432361 6.562450405455777e+18 2.379749568200069e+18 1.0642699806331354e-14 150004019166513.16 -0.34056683053237435
02525 10.1007/s11664-013-2819-1 Pb1Te1In0.14 700.0 -0.000227861614496 15228.2778366 1.2156386105 18.83691695926918 6.869370793512627e+18 2.4716172504238633e+18 6.16126054063932e-15 152179660778667.6 0.2780200714565183
02525 10.1007/s11664-013-2819-1 Pb1Te1In0.18 700.0 -0.000219346196362 12860.4846141 1.13976940304 18.881605963380576 7.613878871470425e+18 2.691011503906181e+18 4.77905226173584e-15 157365683398877.12 0.38771057787299024
02525 10.1007/s11664-013-2819-1 Pb1Te1In0.1 700.0 -0.000239446763114 16382.693329 1.04315757431 18.7840915979435 6.082632778112005e+18 2.234321391126175e+18 7.332290418945753e-15 146556674839877.88 -0.031438528450984826
02525 10.1007/s11664-013-2819-1 Pb1Te1 700.0 -0.000174170238213 55473.6389267 1.45483280198 19.218618460816707 1.6543159645666978e+19 5.063069555425086e+18 1.095652317619455e-14 212142717226666.03 -0.8695137959748533
02834 10.1039/c5tc01781e Pb1Te1Cl0.006 700.0 -0.000192607014967 44945.5094725 1.4869913916 19.058917747870044 1.1452960103965596e+19 3.759950882203361e+18 1.1953749099552486e-14 182352095714556.38 -0.6927998083493871
02834 10.1039/c5tc01781e Pb1Te1Cl0.01 700.0 -0.000126726437516 82596.5984351 2.06042938707 19.80094915336748 6.32337813754215e+19 1.4636668034785106e+19 5.643128493370429e-15 418553311677391.7 -0.30152073205124275
02834 10.1039/c5tc01781e Pb1Te1Na0.001Cl0.001 700.0 -0.000257703416864 28271.0725499 1.15837108311 18.7172734405293 5.215229690922828e+18 1.9652388521674982e+18 1.4385565662270167e-14 140176963916967.53 -0.8581538356552123
02834 10.1039/c5tc01781e Pb1Te1Na0.003Cl0.003 700.0 -0.000244102423359 35707.6670401 1.24439224554 18.76525247000321 5.824417123479597e+18 2.1550887337402609e+18 1.656900084022416e-14 144677618874435.66 -1.152771343152155
03482 10.1021/ja910762q Pb1Cd0.01Te1.01I0.0006 700.0 -0.000268023906114 18970.3837634 0.0 18.687131635128228 4.865546585881962e+18 1.8542520978127764e+18 1.0230746825513603e-14 137550542732311.78 -1.407244778406272
03482 10.1021/ja910762q Pb1Cd0.01Te1.01I0.0011 700.0 -0.000222500764592 35860.3967373 1.10873468978 18.86444115826945 7.31882155165429e+18 2.6046251355966556e+18 1.3767968467786926e-14 155325543738341.12 -1.0297824986513398
03482 10.1021/ja910762q Pb1Cd0.01Te1.01I0.0016 700.0 -0.000200276982541 42364.7086255 1.16896303387 19.001888711763158 1.0043583898249495e+19 3.3781173663299886e+18 1.2540922659393961e-14 173485127148944.2 -1.006700528260037
03482 10.1021/ja910762q Pb1Cd0.01Te1.01I0.002 700.0 -0.000173770102522 53809.0030844 1.33221838076 19.222459923348456 1.6690137836787677e+19 5.099236463557314e+18 1.0552364744988102e-14 212960036673599.62 -0.9150136023258657
03482 10.1021/ja910762q Pb1Cd0.01Te1.01I0.004 700.0 -0.000160058033132 63804.8949471 1.57018356087 19.36441178832038 2.314258077979217e+19 6.625339074251028e+18 9.630434643726205e-15 247057899160223.78 -0.8090913902088344
03482 10.1021/ja910762q Pb1Cd0.01Te1.01Sb0.003 700.0 -0.000270479024378 17076.4014917 0.0 18.68066902775471 4.793679870046877e+18 1.8312471315791726e+18 9.325012008059336e-15 137006934000343.56 -1.2775913047405967
03482 10.1021/ja910762q Pb1Cd0.01Te1.01Sb0.01 700.0 -0.000205283748276 38231.1310771 1.28678465331 18.96743339613959 9.277551976996157e+18 3.1657700810703396e+18 1.2076407982279668e-14 168525394770692.25 -0.7483967693156199
03482 10.1021/ja910762q Pb1Cd0.01Te1.01Sb0.02 700.0 -0.000176744926276 57391.9946139 1.30552908162 19.194294906365723 1.56420945382971e+19 4.83974283431544e+18 1.1858480208281116e-14 207085235777617.56 -1.1501870882761063
03482 10.1021/ja910762q Pb1Cd0.01Te1.01Sb0.04 700.0 -0.00016335917079 64487.2461723 1.73701916593 19.328366521472994 2.1299358403835945e+19 6.200551573117549e+18 1.040024349638249e-14 237637781821656.25 -0.7344716289554412
03482 10.1021/ja910762q Pb1Cd0.01Te1.01Sb0.06 700.0 -0.000149893820884 68488.2281538 1.87434337839 19.48319371665642 3.042241712212495e+19 8.2341570790871e+18 8.317576103538835e-15 282328491642260.25 -0.4739453370418276
03482 10.1021/ja910762q Pb1Cd0.03Te1.03I0.0011 700.0 -0.000242984669869 22819.0168386 1.03270352401 18.769656861256735 5.883785901087686e+18 2.1733684143947968e+18 1.0499378148437047e-14 145111147721371.34 -0.49087328947038666
03482 10.1021/ja910762q Pb1Cd0.05Te1.05I0.0006 700.0 -0.000285428443891 10995.8310755 0.0 18.646419919742627 4.4301651842979297e+18 1.7138038368161175e+18 6.416038311553738e-15 134237906575395.47 -0.8612755514505087
03482 10.1021/ja910762q Pb1Cd0.05Te1.05I0.0011 700.0 -0.00024745338008 21213.4016755 1.02872350208 18.752484687905195 5.65567816286198e+18 2.102924465423905e+18 1.0087571866840129e-14 143440522210641.28 -0.41824307433692165
03482 10.1021/ja910762q Pb1Cd0.05Te1.05I0.0016 700.0 -0.000226500993947 26664.556327 0.0 18.843710743905035 6.977675104557371e+18 2.503830000365674e+18 1.0649507483777154e-14 152942029576552.53 -1.628757288559563
03482 10.1021/ja910762q Pb1Cd0.07Te1.07I0.0011 700.0 -0.000255437932298 17234.5050731 0.860384275557 18.724579075106384 5.303701521299853e+18 1.993078517594752e+18 8.647178182372168e-15 140836511157827.4 -0.3574541310083795
03482 10.1021/ja910762q Pb1Cd0.1Te1.1I0.0011 700.0 -0.0002751689391 12722.0118449 0.890808466985 18.66901752631111 4.666782131175032e+18 1.7904573905284088e+18 7.105453562983376e-15 136043937577250.4 -0.07584541399556188
04191 10.1088/0957-4484_24_34_345705 Al0.01Pb1Te1 700.0 -0.00021274600065 33708.8622446 1.22589626787 18.919943854879214 8.316562485325244e+18 2.893973697213565e+18 1.1647950455477968e-14 162147975336001.16 -0.662795315299805
04191 10.1088/0957-4484_24_34_345705 Al0.02Pb1Te1 700.0 -0.00020545076118 46863.1581398 1.27755833937 18.966320608443933 9.253810642620586e+18 3.1591301320750807e+18 1.483419681386086e-14 168369980539661.03 -1.2200750895012549
04191 10.1088/0957-4484_24_34_345705 Al0.03Pb1Te1 700.0 -0.000214161513682 44919.0519843 1.22573960105 18.91143881189688 8.15527878651446e+18 2.847720067777857e+18 1.5773689448117486e-14 161059558392480.4 -1.3147638556839305
04191 10.1088/0957-4484_24_34_345705 Al0.04Pb1Te1 700.0 -0.000199973729935 49117.0862049 1.2565396173 19.004044680321265 1.0093567235988574e+19 3.391849264087171e+18 1.4480916568124262e-14 173805156588052.0 -1.2603183543613539
04191 10.1088/0957-4484_24_34_345705 Pb1Te1 700.0 -0.000303317929007 10188.0978166 1.11723892429 18.614745482594774 4.118560809314747e+18 1.6116088262817183e+18 6.3216939808562845e-15 131840029461702.02 0.28378660360604324
04419 10.1016/j.physb.2005.03.022 Pb1.001Te1I0.002 700.0 -0.000134628969538 133683.45703 0.0 19.68488949708532 4.840491892938225e+19 1.1874238049867252e+19 1.125827665476982e-14 360394346707972.56 -4.057419260053388
04419 10.1016/j.physb.2005.03.022 Pb1Te1I0.00018 700.0 -0.000271167929243 18925.4041788 0.0 18.678901389245482 4.774208583351823e+18 1.8250024348190492e+18 1.0370070646331204e-14 136859429262050.03 -1.419241950064027
04419 10.1016/j.physb.2005.03.022 Pb1Te1I0.0006 700.0 -0.000218577754168 48277.5549559 0.0 18.885898902680815 7.689514189561134e+18 2.713041838855872e+18 1.779462235505344e-14 157885537977073.78 -2.8095135236264763
04419 10.1016/j.physb.2005.03.022 Pb1Te1I0.00106 700.0 -0.00017336842104 83822.571099 0.0 19.22633293007612 1.6839644932794604e+19 5.135952574970732e+18 1.63207447645635e-14 213789286100436.75 -3.489200371843471
04419 10.1016/j.physb.2005.03.022 Pb1Te1In0.0025 700.0 -0.000272108788383 21685.4249057 0.0 18.676519001818 4.748090649519518e+18 1.816618087118903e+18 1.1937250355187411e-14 136661425296348.39 -1.6313616476592527
05735 10.1021/am502140h Pb1.0005Te0.75S0.15Se0.1Cl0.001 700.0 -0.000251420875049 9944.07866125 0.731089362733 18.738187696597805 5.472524273890358e+18 2.0459439207592832e+18 4.860386719475473e-15 142089480252358.6 0.04047953993726383
05735 10.1021/am502140h Pb1.00085Te0.75S0.15Se0.1Cl0.0017 700.0 -0.000184159180296 39420.5940571 0.95341061212 19.1279834684921 1.3427138494889527e+19 4.2780648469481646e+18 9.21458544164458e-15 194280292444497.7 -0.8368017422375199
05735 10.1021/am502140h Pb1.0016Te0.75S0.15Se0.1Cl0.0032 700.0 -0.000175383958978 41817.660899 1.0193210345 19.207067424659957 1.6108957089626286e+19 4.955802133914077e+18 8.438121573262358e-15 209715830500153.12 -0.7502866390979743
05735 10.1021/am502140h Pb1.0039Te0.75S0.15Se0.1Cl0.0078 700.0 -0.000121610588029 80601.8626615 1.38890108736 19.880518626215398 7.594839950576198e+19 1.6884476962877139e+19 4.773725762350493e-15 465397398567115.56 -0.8327784639107396
